1107	0	con	p0s0	373	9402	emospace1	[-0.6613928222656247, 0.6419879150390628]	2.8698458551625663	1555650905.9690385
1107	1	con	p+s+	815	8370	emospace1	[0.66760498046875, 0.6348742675781248]	1.8854356331094095	1555650923.4940407
1107	2	con	p-s-	241	3010	emospace1	[0.0, 0.9314099121093755]	2.5694423183017534	1555650941.0060427
1107	3	con	p-s-	719	6821	emospace1	[-0.9068261718750004, 0.0]	2.719697665525473	1555650958.5340452
1107	4	con	p0s0	723	9926	emospace1	[0, 0]	None	1555650976.1280515
1107	5	con	p0s0	425	7560	emospace1	[0.008491210937500063, -0.9456866455078125]	2.369237428193628	1555650993.904068
1107	6	inc	p+s-	422	4800	emospace1	[0.0, -0.8871154785156252]	2.803023644906716	1555651011.508075
1107	7	inc	p-s+	355	3150	emospace1	[-0.889205932617187, 0.0]	2.419283322857609	1555651029.1370833
1107	8	inc	p+s-	277	4647	emospace1	[-0.6720916748046881, -0.6839477539062505]	2.686227278539718	1555651046.6740863
1107	9	inc	p+s-	719	5215	emospace1	[-0.6523760986328123, 0.6662744140625002]	2.5193468970223876	1555651064.1970885
1107	10	inc	p-s+	311	8230	emospace1	[-0.848992919921875, 0.0]	2.3358856049239876	1555651081.791095
1107	11	con	p+s+	716	4652	emospace1	[-0.6728393554687498, 0.6575250244140627]	2.636157070809986	1555651099.3861012
1107	12	con	p+s+	366	7501	emospace1	[-0.5992633056640625, -0.630614013671875]	2.4359614857025917	1555651116.971107
1107	13	con	p0s0	225	4279	emospace1	[0, 0]	None	1555651134.5361118
1107	14	inc	p-s+	808	3010	emospace1	[0.8944860839843755, -0.016984252929687502]	2.853136775703206	1555651152.0161116
1107	15	con	p+s+	355	8178	emospace1	[0.6420629882812489, 0.6613092041015628]	2.8534957686260896	1555651169.523113
1107	16	con	p+s+	220	5623	emospace1	[0.0315826416015625, 0.8950024414062505]	1.852091313872279	1555651187.0121133
1107	17	con	p+s+	205	9156	emospace1	[0.0, -0.8404602050781254]	3.236792452264126	1555651204.5061138
1107	18	inc	p+s-	288	4668	emospace1	[0.6574371337890625, -0.6201428222656251]	2.969861103356834	1555651222.0051146
1107	19	inc	p+s-	290	4697	emospace1	[-0.637518310546875, -0.62601806640625]	2.13605141402968	1555651239.5041158
1107	20	inc	p-s+	815	9622	emospace1	[0.6604333496093752, 0.6413775634765618]	1.968839354269221	1555651257.0151174
1107	21	con	p+s+	200	4697	emospace1	[0.0, -0.9075946044921881]	2.9698268849679152	1555651274.5951226
1107	22	inc	p-s+	716	9184	emospace1	[-0.8678228759765627, 0.0]	1.8683393455639816	1555651292.102124
1107	23	inc	p+s-	106	7405	emospace1	[-0.6711199951171876, 0.6822161865234373]	2.869749803544437	1555651309.7161317
1107	24	inc	p-s+	601	3195	emospace1	[-0.6802532958984376, 0.6594219970703122]	2.435937472797832	1555651327.3021374
1107	25	inc	p-s+	820	6821	emospace1	[0.6641070556640629, 0.6381744384765621]	1.935453312610207	1555651344.880143
1107	26	con	p-s-	709	9163	emospace1	[-0.898294677734375, 0.0]	2.119058682135801	1555651362.4821496
1107	27	con	p-s-	625	6250	emospace1	[0.029846801757812496, 0.8377838134765627]	2.469387448814814	1555651380.0901568
1107	28	inc	p-s+	220	2683	emospace1	[0.0, 0.8156274414062497]	1.234853410222513	1555651397.6771624
1107	29	inc	p-s+	204	3053	emospace1	[-0.679384765625, 0.6250146484375003]	1.3182265149289378	1555651415.3661745
1107	30	con	p+s+	367	5470	emospace1	[0.041008300781250055, -0.9318798828124996]	0.9011196617061614	1555651432.9841821
1107	31	inc	p+s-	293	2300	emospace1	[-0.6445849609375, -0.6549041748046869]	2.6028628785106775	1555651450.5411863
1107	32	inc	p-s+	415	9325	emospace1	[-0.6583410644531246, 0.6366217041015619]	2.435946777798563	1555651468.0491877
1107	33	con	p+s+	360	4656	emospace1	[0.0, -0.8379193115234377]	1.8854140214953077	1555651485.5981913
1107	34	inc	p+s-	703	4611	emospace1	[-0.660206298828125, 0.6366082763671868]	1.968857964270228	1555651503.1161933
1107	35	con	p-s-	713	6510	emospace1	[-0.6339379882812503, 0.6453283691406253]	2.4025907522700436	1555651520.6151943
1107	36	inc	p-s+	610	3063	emospace1	[-0.9512677001953121, 0.0]	2.3859423053950195	1555651538.113195
1107	37	con	p0s0	705	2309	emospace1	[-0.6662823486328123, 0.6010327148437505]	2.435965687960561	1555651555.6111958
1107	38	inc	p-s+	205	9253	emospace1	[-0.573001708984375, -0.61902099609375]	3.036587862316992	1555651573.393213
1107	39	inc	p+s-	501	4656	emospace1	[0.0, 0.8485943603515621]	0.8510089322003296	1555651590.9982197
1107	40	inc	p+s-	289	8186	emospace1	[0.6607824707031247, -0.6422009277343752]	3.203416616089271	1555651608.5972264
1107	41	con	p-s-	288	9325	emospace1	[-0.9169256591796879, 0.034257812499999915]	2.936613135899279	1555651626.1712317
1107	42	con	p0s0	720	7046	emospace1	[-0.6434472656249999, 0.6814257812499996]	2.8864588830037974	1555651643.6652324
1107	43	inc	p-s+	817	1525	emospace1	[0.6401623535156252, 0.6461639404296883]	2.8864819954242193	1555651661.2902405
1107	44	inc	p-s+	367	9429	emospace1	[0.0, -0.8221942138671878]	2.4193829764117254	1555651678.8772461
1107	45	inc	p-s+	352	6231	emospace1	[0.8425219726562507, 0.0]	1.11807355272731	1555651696.4882536
1107	46	con	p-s-	277	3053	emospace1	[-0.8605645751953118, 0.0]	3.036540136669373	1555651714.0682592
1107	47	con	p+s+	352	8186	emospace1	[0.65156494140625, -0.6730041503906252]	1.4349604477447429	1555651731.5922613
1107	48	inc	p+s-	276	8341	emospace1	[0.0, 0.8514129638671872]	1.651830593761133	1555651749.1212642
1107	49	inc	p+s-	713	7501	emospace1	[-0.8207824707031245, 0.0]	1.0345671764002873	1555651766.6122644
1107	50	inc	p+s-	310	8470	emospace1	[-0.005731201171875024, -0.8363220214843758]	2.1357542543364616	1555651784.0972645
1107	51	con	p+s+	415	4490	emospace1	[0.6171246337890628, 0.6000323486328127]	2.102272161059318	1555651801.6112664
1107	52	inc	p+s-	134	4660	emospace1	[-0.6658374023437502, -0.6758471679687493]	1.5851284480277172	1555651819.105267
1107	53	inc	p-s+	200	3005	emospace1	[-0.6500506591796874, 0.6720617675781244]	1.7520151329322289	1555651836.5942671
1107	54	con	p0s0	152	9468	emospace1	[-0.6304962158203126, 0.6194049072265632]	1.868710044778254	1555651854.1132693
1107	55	con	p0s0	120	1945	emospace1	[-0.6907818603515625, 0.6801641845703128]	0.8677264161760831	1555651871.7052753
1107	56	con	p+s+	808	8341	emospace1	[0.6237957763671871, -0.5993371582031248]	2.102430045906658	1555651889.388287
1107	57	con	p-s-	502	6231	emospace1	[0.0, -0.8721752929687491]	2.736816765329877	1555651906.9972942
1107	58	inc	p+s-	709	8193	emospace1	[0.0, 0.9170135498046871]	3.57046376722883	1555651924.5642989
1107	59	con	p-s-	106	6213	emospace1	[-0.6495782470703125, 0.6325341796874995]	1.2848062548814596	1555651942.0713