1233	60	con	p-s-	709	9163	emospace1	[-0.6816900634765619, 0.6560833740234374]	8.375352014172677	1555413197.2113388
1233	61	con	p+s+	815	8370	emospace1	[0.6158172607421877, 0.577332763671875]	3.253897444486938	1555413214.6943386
1233	62	inc	p+s-	289	8186	emospace1	[0.0, 0.870370483398438]	5.255617068611173	1555413232.1783388
1233	63	inc	p-s+	109	3261	emospace1	[-0.6440686035156251, 0.6518896484375]	2.0523622394666745	1555413249.6613386
1233	64	con	p+s+	220	5623	emospace1	[0.8706085205078127, 0.0]	1.1514028638994205	1555413267.1633399
1233	65	inc	p+s-	422	4800	emospace1	[-0.008611450195312488, -0.559451293945313]	8.825807689050635	1555413284.6473398
1233	66	inc	p-s+	610	3063	emospace1	[-0.6498455810546875, 0.63953369140625]	3.50370609165293	1555413302.1483407
1233	67	inc	p+s-	424	4651	emospace1	[0.0, 0.9095361328125]	5.322245674826263	1555413319.6323407
1233	68	con	p-s-	420	3005	emospace1	[-0.6516748046875, -0.5012359619140636]	8.441654645206654	1555413337.1513429
1233	69	con	p0s0	225	4279	emospace1	[0.6398126220703125, -0.6826855468750005]	3.7206167594467843	1555413354.634343
1233	70	inc	p-s+	415	9325	emospace1	[-0.6836071777343751, -0.7083911132812497]	3.7039307924078457	1555413372.1403441
1233	71	con	p-s-	283	9184	emospace1	[-0.8928607177734376, 0.0038470458984375044]	5.255533923929761	1555413389.6263442
1233	72	con	p0s0	120	1945	emospace1	[0, 0]	None	1555413407.125345
1233	73	con	p-s-	711	3261	emospace1	[-0.6568786621093751, 0.6206842041015624]	3.904128178484825	1555413424.6073449
1233	74	con	p-s-	502	6231	emospace1	[0.007534790039062392, 0.8975183105468757]	6.807131352388751	1555413442.1163464
1233	75	inc	p+s-	255	9156	emospace1	[-0.6231982421874995, -0.6690240478515628]	6.340451058398685	1555413459.610347
1233	76	con	p0s0	720	7046	emospace1	[-0.011472778320312599, -0.8775964355468752]	4.121016334178421	1555413477.093347
1233	77	inc	p-s+	366	6263	emospace1	[-0.7017895507812504, -0.6003454589843762]	8.191810879165132	1555413494.5833476
1233	78	con	p0s0	382	7079	emospace1	[0.008832397460936404, -0.857557373046875]	4.588213806100612	1555413512.0853484
1233	79	inc	p-s+	815	9622	emospace1	[0.6279058837890621, 0.7489520263671865]	8.375399439659304	1555413529.5653481
1233	80	con	p0s0	728	2525	emospace1	[-0.6565716552734375, -0.7028210449218751]	1.5183659698723204	1555413547.0713496
1233	81	con	p+s+	355	8178	emospace1	[0.8788653564453123, 0.036714477539062824]	4.404641454317243	1555413564.549349
1233	82	con	p0s0	170	1112	emospace1	[-0.6124774169921882, -0.7077575683593751]	8.875972147432549	1555413582.0533504
1233	83	inc	p-s+	311	8230	emospace1	[-0.6142205810546876, 0.5834399414062503]	1.1680200939990755	1555413599.5353503
1233	84	inc	p+s-	713	7501	emospace1	[-0.0017718505859376458, -0.860934448242188]	8.158507982190713	1555413617.0383513
1233	85	con	p+s+	215	4651	emospace1	[-0.8667962646484377, 0.0]	2.853145780542036	1555413634.537352
1233	86	con	p0s0	132	7249	emospace1	[0, 0]	None	1555413652.0263526
1233	87	con	p+s+	817	8470	emospace1	[0.8552117919921877, 0.0]	2.636195491457329	1555413669.5253534
1233	88	inc	p+s-	283	4659	emospace1	[-0.6456359863281249, 0.22265686035156257]	8.959333245687958	1555413687.0093534
1233	89	inc	p-s+	110	6213	emospace1	[0.0, -0.21189819335937504]	8.592181638412512	1555413704.5093546
1233	90	inc	p+s-	502	8034	emospace1	[0.6555041503906246, -0.6380804443359379]	4.020907735817673	1555413721.9953547
1233	91	inc	p+s-	293	2300	emospace1	[-0.09921020507812499, -0.36458251953125015]	7.707937645691345	1555413739.5253572
1233	92	inc	p+s-	291	5621	emospace1	[0.6071795654296878, -0.585060424804688]	8.825785777276906	1555413757.0143576
1233	93	inc	p+s-	288	4668	emospace1	[-0.8328295898437506, -0.017469482421875033]	6.289855268219981	1555413774.5083582
1233	94	inc	p+s-	699	8380	emospace1	[0.0, -0.7274438476562501]	5.288864135585754	1555413792.0013585
1233	95	inc	p+s-	277	4647	emospace1	[-0.6503143310546879, 0.26845947265625003]	1.4850261530555144	1555413809.488359
1233	96	con	p+s+	352	8186	emospace1	[0.6987127685546874, 0.18563903808593746]	5.8227913680821075	1555413826.969359
1233	97	con	p+s+	200	4697	emospace1	[0.0, 0.2514337158203126]	7.624578648565148	1555413844.4733598
1233	98	inc	p-s+	360	6230	emospace1	[-0.6326068115234377, 0.21286193847656254]	6.990591744002813	1555413861.9533596
1233	99	inc	p-s+	808	3010	emospace1	[-0.6524938964843745, 0.6295361328125]	3.7706848660473042	1555413879.456361
1233	100	inc	p+s-	260	4490	emospace1	[-0.6384490966796875, 0.5679785156249999]	3.220619460898888	1555413896.940361
1233	101	inc	p-s+	200	3005	emospace1	[-0.6506274414062498, 0.5526599121093753]	1.1013146464902093	1555413914.5083659
1233	102	con	p+s+	353	4660	emospace1	[-0.02664428710937504, -0.21216125488281268]	8.458777046786054	1555413932.0423684
1233	103	con	p+s+	360	4656	emospace1	[-0.2697039794921875, 0.2611022949218751]	4.721617797404178	1555413949.5263686
1233	104	con	p+s+	201	4800	emospace1	[-0.2376629638671875, 0.47158081054687506]	3.9208132450366975	1555413967.0293696
1233	105	con	p+s+	813	8034	emospace1	[0.659528808593751, -0.21869201660156257]	8.725711697465158	1555413984.5143697
1233	106	con	p-s-	288	9325	emospace1	[-0.4260345458984375, 0.38328002929687505]	2.3862724828322825	1555414002.018371
1233	107	con	p-s-	624	9902	emospace1	[-0.6487561035156247, -0.6183880615234374]	3.78734261792124	1555414019.500371
1233	108	inc	p+s-	703	4611	emospace1	[0.09076477050781254, -0.2990386962890626]	8.64228816566174	1555414037.000372
1233	109	con	p+s+	205	9156	emospace1	[-0.07438049316406252, -0.3480865478515627]	3.653993856296438	1555414054.4853718
1233	110	inc	p-s+	202	9902	emospace1	[-0.5101721191406251, 0.3934429931640623]	3.4372972035162093	1555414071.988373
1233	111	con	p0s0	130	7092	emospace1	[-0.8967651367187507, 0.13700927734374993]	6.506983252802456	1555414089.4793735
1233	112	inc	p+s-	276	8341	emospace1	[-0.40969665527343757, 0.40255004882812484]	5.155491060897475	1555414106.972374
1233	113	inc	p+s-	423	5270	emospace1	[0.48983093261718746, -0.4369677734374998]	6.123038220743183	1555414124.456374
1233	114	con	p-s-	501	3195	emospace1	[-0.8106372070312501, 0.21673400878906252]	4.27127708430271	1555414141.9623754
1233	115	inc	p-s+	204	3053	emospace1	[-0.5935992431640624, 0.6578192138671872]	1.1513533372854	1555414159.452376
1233	116	inc	p-s+	205	9253	emospace1	[-0.6695385742187501, 0.6584808349609372]	1.7853132273266965	1555414176.9453762
1233	117	con	p+s+	202	4668	emospace1	[-0.4342437744140625, 0.18675842285156263]	5.021925282646407	1555414194.4363766
1233	118	con	p-s-	291	1525	emospace1	[-0.3752923583984379, -0.2196551513671875]	5.355754482457996	1555414211.945378
1233	119	inc	p+s-	709	8193	emospace1	[0.7153765869140633, 0.22955383300781254]	7.507771776552545	1555414229.4313781
