1437	0	inc	p-s+	215	3101	emospace1	[0.08436767578125007, 0.1573651123046875]	7.024269680863654	1554467143.5469635
1437	1	con	p+s+	366	7501	emospace1	[0.21523132324218755, 0.008126220703125001]	1.8353942025896686	1554467161.0612118
1437	2	con	p-s-	713	6510	emospace1	[-0.21219543457031248, 0.3401647949218751]	2.836378737290943	1554467178.5414639
1437	3	inc	p+s-	260	4490	emospace1	[-0.431722412109375, 0.1926666259765625]	3.4036379157514602	1554467196.0407138
1437	4	inc	p+s-	277	4647	emospace1	[-0.07712829589843752, 0.2728179931640626]	7.457843154617876	1554467213.5279646
1437	5	con	p-s-	502	6231	emospace1	[-0.3078173828125001, 0.38640991210937503]	1.0016584006771154	1554467231.0292144
1437	6	inc	p+s-	422	4800	emospace1	[0.008571777343750002, 0.3900079345703125]	3.5871731937586446	1554467248.5204651
1437	7	inc	p+s-	290	4697	emospace1	[-0.3004779052734375, 0.36312988281250014]	2.803061842889292	1554467266.0047166
1437	8	con	p+s+	716	4652	emospace1	[0.39316467285156265, 0.30954162597656254]	2.1857519818986475	1554467283.4829686
1437	9	inc	p-s+	204	3053	emospace1	[-0.458173828125, 0.38442993164062494]	4.755044164485298	1554467300.9932172
1437	10	con	p-s-	289	6263	emospace1	[-0.3062707519531251, 0.347972412109375]	4.688300215846539	1554467318.4864678
1437	11	con	p0s0	104	2810	emospace1	[-0.43110534667968753, 0.21579956054687505]	7.708042838065012	1554467335.96272
1437	12	inc	p+s-	288	4668	emospace1	[-0.0995416259765625, 0.3265728759765626]	6.106395183222048	1554467353.4529707
1437	13	con	p0s0	132	7249	emospace1	[0.0, -0.22920043945312507]	0.6509404257449205	1554467370.9462214
1437	14	con	p-s-	423	2683	emospace1	[-0.13344055175781253, 0.21562683105468752]	2.4192592997242173	1554467388.4424715
1437	15	con	p+s+	353	4660	emospace1	[0.2918090820312501, 0.16798400878906253]	4.938526013476803	1554467405.938722
1437	16	inc	p+s-	289	8186	emospace1	[0.0, 0.21875183105468748]	0.9677937087617465	1554467423.4219732
1437	17	con	p+s+	220	5623	emospace1	[0.3768139648437501, 0.16875305175781252]	1.251518299588497	1554467440.9212232
1437	18	inc	p-s+	351	6250	emospace1	[0.0, 0.13689025878906252]	5.405662515313452	1554467458.4014747
1437	19	inc	p-s+	601	3195	emospace1	[-0.0982904052734375, 0.17063781738281253]	1.0011541268067958	1554467475.9047246
1437	20	con	p+s+	352	8186	emospace1	[0.29602233886718754, 0.24032348632812503]	2.9198162522043276	1554467493.3829765
1437	21	inc	p-s+	216	3015	emospace1	[-0.3345635986328125, 0.33387268066406256]	6.7237164504040265	1554467510.8822262
1437	22	inc	p+s-	255	9156	emospace1	[-0.468753662109375, 0.355006103515625]	1.9188305168536317	1554467528.3644779
1437	23	inc	p-s+	367	9429	emospace1	[-0.20250488281250004, 0.0996966552734375]	3.5204856757700327	1554467545.860728
1437	24	inc	p-s+	353	6370	emospace1	[-0.31741821289062505, 0.036821289062500005]	2.886720277780114	1554467563.3449795
1437	25	con	p-s-	277	3053	emospace1	[-0.5153253173828125, 0.373133544921875]	2.6363531033675827	1554467580.8512287
1437	26	con	p0s0	152	9468	emospace1	[0.12183288574218751, 0.06500244140625]	2.0355627141107107	1554467598.3434794
1437	27	inc	p+s-	312	8370	emospace1	[0.20386657714843745, 0.3064141845703125]	2.619521762269869	1554467615.8227313
1437	28	con	p+s+	360	4656	emospace1	[0.22078796386718755, 0.020783081054687503]	3.0032378584801336	1554467633.3189814
1437	29	con	p0s0	322	9635	emospace1	[-0.006354980468750001, -0.09572509765625001]	5.939547468227829	1554467650.8012328
1437	30	con	p0s0	728	2525	emospace1	[0.0, -0.059840087890625004]	1.985515333377407	1554467668.306482
1437	31	con	p+s+	813	8034	emospace1	[0.27825439453125006, -0.05255126953124999]	6.923925784092717	1554467685.7827346
1437	32	con	p0s0	724	6570	emospace1	[-0.005452880859375009, -0.11075439453125005]	8.375397978641558	1554467703.2809846
1437	33	inc	p-s+	355	3150	emospace1	[-0.23173217773437507, 0.26656982421875003]	3.003241160276957	1554467720.7792346
1437	34	inc	p-s+	220	2683	emospace1	[-0.16266723632812502, 0.1432666015625]	6.507086998950399	1554467738.263486
1437	35	inc	p+s-	703	4611	emospace1	[-0.0021777343749999466, 0.09403442382812499]	8.258601546502177	1554467755.7437377
1437	36	con	p0s0	382	7079	emospace1	[-0.03390991210937501, -0.018234252929687493]	3.820726136367739	1554467773.2629857
1437	37	inc	p-s+	815	9622	emospace1	[0.06189086914062499, 0.2228204345703125]	2.1690608169301413	1554467790.7392378
1437	38	con	p-s-	283	9184	emospace1	[-0.08734619140625001, 0.06828430175781251]	1.5183992426282202	1554467808.2434871
1437	39	inc	p-s+	813	9423	emospace1	[-0.57673095703125, -0.03014709472656253]	4.47140001734806	1554467825.7217393
1437	40	inc	p+s-	501	4656	emospace1	[0.023112792968750018, 0.11211669921874998]	6.173133428765141	1554467843.2169895
1437	41	con	p-s-	260	3102	emospace1	[-0.5028240966796875, 0.2256158447265624]	3.6205399152277096	1554467860.7002409
1437	42	inc	p-s+	200	3005	emospace1	[-0.372354736328125, 0.05641052246093751]	1.6351383436340257	1554467878.1994908
1437	43	con	p0s0	723	9926	emospace1	[0.126187744140625, 0.0]	0.9512051995443471	1554467895.6797428
1437	44	con	p-s-	711	3261	emospace1	[-0.55141357421875, 0.24220092773437507]	1.318701686886925	1554467913.1789927
1437	45	con	p+s+	202	4668	emospace1	[0.3472534179687501, 0.21531982421874996]	2.6361991197409225	1554467930.6692433
1437	46	inc	p-s+	202	9902	emospace1	[-0.2798522949218751, 0.182410888671875]	1.651851420505409	1554467948.160494
1437	47	con	p0s0	225	4279	emospace1	[0.17126464843750003, 0.07735168457031251]	0.9512688341055764	1554467965.639746
1437	48	con	p-s-	134	8230	emospace1	[-0.25782897949218747, 0.03151977539062499]	4.03762813584035	1554467983.137996
1437	49	inc	p-s+	808	3010	emospace1	[-0.23571838378906257, 0.09781372070312502]	5.222162056212255	1554468000.6212475
1437	50	inc	p+s-	719	5215	emospace1	[-0.009476928710937499, -0.09349121093749999]	3.7377235576641397	1554468018.1984897
1437	51	con	p0s0	720	7046	emospace1	[0.0, 0.05328613281250001]	0.5507249987458636	1554468035.7177374
1437	52	con	p+s+	365	8193	emospace1	[-0.21518188476562497, 0.10336181640625007]	2.78634816568956	1554468053.199989
1437	53	inc	p-s+	378	3120	emospace1	[-0.30641540527343747, 0.027096557617187503]	6.273246200013091	1554468070.698239
1437	54	inc	p-s+	205	9253	emospace1	[-0.32110656738281246, 0.0715704345703125]	2.269215610998799	1554468088.1814907
1437	55	inc	p+s-	134	4660	emospace1	[0.04350158691406251, 0.060953369140625005]	2.2858512458115	1554468105.6787407
1437	56	inc	p-s+	365	6510	emospace1	[-0.1834564208984375, 0.028909912109375]	2.969842321366741	1554468123.1599922
1437	57	con	p+s+	215	4651	emospace1	[0.061342773437500005, 0.07797058105468752]	3.6706668391598214	1554468140.6592422
1437	58	inc	p-s+	820	6821	emospace1	[-0.19422790527343753, 0.20610046386718753]	0.7342662800147082	1554468158.141494
1437	59	con	p-s-	719	6821	emospace1	[-0.24360168457031256, 0.20922119140624998]	1.751940779038705	1554468175.639744
