1507	0	inc	p-s+	378	3120	emospace1	[-0.8848138427734384, 0.0]	3.4835630146953918	1555580213.227836
1507	1	inc	p-s+	367	9429	emospace1	[-0.6596929931640625, -0.700275268554687]	3.833834598201065	1555580230.6948352
1507	2	con	p+s+	366	7501	emospace1	[0.6384509277343747, -0.6558544921874998]	3.3335911695739924	1555580248.1648343
1507	3	inc	p-s+	353	6370	emospace1	[-0.8845782470703133, 0.0]	3.350332515701666	1555580265.6328332
1507	4	inc	p+s-	422	4800	emospace1	[0.6799926757812503, -0.5947442626953128]	4.51735997301148	1555580283.0988324
1507	5	con	p0s0	361	7632	emospace1	[0.9204516601562506, -0.03805603027343748]	1.7499657819189451	1555580300.5688314
1507	6	inc	p-s+	817	1525	emospace1	[-0.6559564208984378, 0.538133544921875]	1.5834509955057001	1555580318.0288303
1507	7	con	p+s+	355	8178	emospace1	[-0.6436096191406252, 0.624068603515625]	3.033542723977007	1555580335.4998295
1507	8	con	p0s0	225	4279	emospace1	[0.8525134277343752, 0.0]	1.2835556307945808	1555580352.9658287
1507	9	inc	p-s+	813	9423	emospace1	[-0.6598474121093747, 0.5829577636718758]	3.983622145942718	1555580370.4338276
1507	10	inc	p+s-	106	7405	emospace1	[0.6463330078124999, 0.6826605224609376]	1.3502553749385697	1555580387.903827
1507	11	inc	p+s-	312	8370	emospace1	[0.7074340820312499, 0.6132940673828126]	3.167528422018222	1555580405.367826
1507	12	con	p0s0	104	2810	emospace1	[0.0, 0.8992218017578131]	1.2501188628066302	1555580422.8338249
1507	13	con	p0s0	425	7560	emospace1	[-0.027580566406249445, -0.8424798583984365]	3.2002252990478155	1555580440.303824
1507	14	con	p-s-	241	3010	emospace1	[-0.627412719726563, 0.6372808837890624]	3.2668875233684957	1555580457.7678227
1507	15	inc	p+s-	711	8130	emospace1	[-0.6205047607421873, 0.6514233398437501]	1.966943833122059	1555580475.235822
1507	16	inc	p-s+	220	2683	emospace1	[-0.6851617431640628, 0.619636840820313]	6.6002709831882385	1555580492.702821
1507	17	inc	p+s-	289	8186	emospace1	[-0.8205621337890635, -0.043280639648437105]	3.6336002943953645	1555580510.1718204
1507	18	inc	p-s+	210	3102	emospace1	[-0.585469970703125, 0.686719970703125]	1.3502844903250661	1555580527.637819
1507	19	inc	p+s-	241	8001	emospace1	[0.6242181396484371, -0.6398254394531253]	8.083469305180188	1555580545.1118188
1507	20	con	p+s+	367	5470	emospace1	[0.9304425048828127, 0.0]	1.9501100381439755	1555580562.588818
1507	21	inc	p-s+	216	3015	emospace1	[-0.8602606201171878, 0.0]	4.617017131853572	1555580580.0578177
1507	22	con	p+s+	353	4660	emospace1	[0.7126733398437504, 0.6246911621093749]	1.3169446735646488	1555580597.5218163
1507	23	con	p-s-	502	6231	emospace1	[-0.6378234863281254, 0.5829919433593752]	3.3504816945278435	1555580614.9978158
1507	24	con	p+s+	110	8380	emospace1	[0.8569580078125, 0.0]	1.584136557758029	1555580632.4748156
1507	25	inc	p-s+	610	3063	emospace1	[-0.6077416992187501, 0.6968853759765623]	5.983582224847851	1555580649.9378145
1507	26	con	p-s-	134	8230	emospace1	[-0.6915789794921872, -0.6231585693359377]	2.116986815834025	1555580667.4058135
1507	27	inc	p+s-	260	4490	emospace1	[-0.9289691162109371, 0.03934631347656269]	7.266894126856641	1555580684.8908136
1507	28	con	p+s+	813	8034	emospace1	[0.8371173095703126, 0.0]	1.150158243615806	1555580702.3578124
1507	29	inc	p-s+	200	3005	emospace1	[-0.7389099121093751, 0.6268804931640626]	2.283442471001763	1555580719.8228116
1507	30	inc	p-s+	355	3150	emospace1	[-0.6160137939453126, 0.590374145507813]	2.050454560188882	1555580737.2898107
1507	31	con	p0s0	152	9468	emospace1	[0.6952215576171873, -0.5899841308593755]	1.2829481097815005	1555580754.7638102
1507	32	inc	p+s-	255	9156	emospace1	[-0.9058782958984376, 0.04241271972656232]	3.61699101805425	1555580772.259811
1507	33	con	p+s+	202	4668	emospace1	[0.6763366699218749, 0.7088476562500005]	3.433515769731457	1555580789.7348104
1507	34	inc	p+s-	709	8193	emospace1	[-0.01449523925781276, 0.0]	5.517029498387274	1555580807.21181
1507	35	con	p0s0	132	7249	emospace1	[-0.6753173828124998, -0.6261798095703123]	1.2335912296057359	1555580824.679809
1507	36	con	p+s+	352	8186	emospace1	[0.6296563720703128, 0.6465673828124999]	1.383614401849627	1555580842.144808
1507	37	con	p-s-	624	9902	emospace1	[-0.6468206787109374, -0.7145977783203129]	2.6669001900609146	1555580859.6128073
1507	38	con	p+s+	205	9156	emospace1	[0.9223590087890633, 0.0]	2.7834634821047075	1555580877.0818064
1507	39	inc	p+s-	420	8178	emospace1	[-0.6566839599609378, 0.7003155517578127]	5.617041444698771	1555580894.547805
1507	40	inc	p+s-	625	5470	emospace1	[0, 0]	None	1555580912.0148041
1507	41	inc	p+s-	295	5623	emospace1	[-0.6892291259765626, -0.6188085937500003]	1.850115501030814	1555580929.4808033
1507	42	inc	p+s-	290	4697	emospace1	[-0.68517333984375, -0.7442608642578122]	2.666856667063257	1555580946.9518027
1507	43	inc	p+s-	719	5215	emospace1	[-0.6257843017578126, 0.6360955810546874]	1.2334948786938185	1555580964.441803
1507	44	con	p-s-	288	9325	emospace1	[-0.9323632812500002, -0.009432983398437431]	5.550104875415855	1555580981.9198027
1507	45	inc	p-s+	808	3010	emospace1	[-0.56500244140625, 0.6085992431640628]	1.1669356087750202	1555580999.3968022
1507	46	con	p0s0	728	2525	emospace1	[-0.8267218017578131, 0.0]	3.633551968861866	1555581016.8728018
1507	47	inc	p+s-	703	4611	emospace1	[0.0, -0.8098156738281242]	1.4835531094631733	1555581034.3488014
1507	48	inc	p+s-	288	4668	emospace1	[-0.6700109863281247, -0.7301354980468749]	2.2168036590537668	1555581051.8398018
1507	49	con	p-s-	255	3063	emospace1	[-0.6070367431640626, 0.6566107177734375]	1.9502171947660827	1555581069.3168015
1507	50	inc	p-s+	311	8230	emospace1	[-0.6950024414062501, 0.6103149414062501]	1.7002072895320453	1555581086.7838006
1507	51	inc	p-s+	110	6213	emospace1	[-0.5978228759765626, -0.6775964355468752]	1.8169740891080437	1555581104.2497997
1507	52	con	p+s+	365	8193	emospace1	[-0.8697015380859381, 0.0]	3.916836556436465	1555581121.7167988
1507	53	inc	p-s+	201	9163	emospace1	[-0.59453369140625, 0.62047119140625]	1.350102594211421	1555581139.187798
1507	54	con	p+s+	817	8470	emospace1	[0.6415747070312497, 0.6631433105468755]	1.7503052612992178	1555581156.650797
1507	55	con	p0s0	170	1112	emospace1	[0.8268005371093753, 0.0]	1.1335357602965814	1555581174.120796
1507	56	inc	p+s-	310	8470	emospace1	[-0.9092340087890629, 0.0]	3.8001090776360797	1555581191.586795
1507	57	con	p-s-	106	6213	emospace1	[-0.925942993164063, 0.030472412109375003]	1.5328232438005216	1555581209.0507936
1507	58	inc	p+s-	424	4651	emospace1	[-0.6032861328124999, 0.6414086914062498]	1.6836373339665442	1555581226.5187929
1507	59	con	p0s0	322	9635	emospace1	[-0.8446899414062506, 0.0]	1.700874842266785	1555581244.003793