2006	0	inc	p+s-	295	5623	emospace1	[0.642998046875, 0.6192218017578125]	1.266865313418748	1554802164.1133127
2006	1	con	p-s-	502	6231	emospace1	[-0.8472442626953123, -0.01956726074218766]	3.933661349610702	1554802181.584312
2006	2	inc	p-s+	820	6821	emospace1	[0.6336206054687499, 0.632398681640625]	3.5508545292232156	1554802199.0623116
2006	3	inc	p-s+	601	3195	emospace1	[-0.8631372070312503, -0.06441711425781248]	3.0500299861141684	1554802216.533311
2006	4	con	p-s-	501	3195	emospace1	[0.6038964843750002, 0.5964581298828128]	8.767047811494194	1554802234.0173109
2006	5	con	p+s+	355	8178	emospace1	[0.5768041992187503, 0.6709295654296875]	1.9167193449757178	1554802251.4943106
2006	6	con	p-s-	289	6263	emospace1	[0, 0]	None	1554802268.96831
2006	7	con	p+s+	352	8186	emospace1	[0.9138555908203136, 0.036643676757812584]	2.8673872338986257	1554802286.4463096
2006	8	inc	p+s-	106	7405	emospace1	[0.6145928955078123, 0.7123608398437505]	1.1335723817992402	1554802303.917309
2006	9	con	p+s+	808	8341	emospace1	[0.036029663085937504, 0.7973449707031255]	1.3168983011473756	1554802321.3983088
2006	10	inc	p-s+	109	3261	emospace1	[-0.6754888916015622, 0.6153149414062501]	1.6002904961114837	1554802338.8643079
2006	11	inc	p-s+	813	9423	emospace1	[-0.7022686767578128, -0.7048431396484377]	3.616849494917915	1554802356.331307
2006	12	con	p-s-	255	3063	emospace1	[0.5901385498046878, -0.6575982666015624]	3.6002844928862032	1554802373.799306
2006	13	con	p-s-	288	9325	emospace1	[-0.8893768310546881, 0.0]	1.000193604044398	1554802391.2703054
2006	14	inc	p+s-	424	4651	emospace1	[0.9290167236328131, -0.010490112304687493]	2.9668790007763164	1554802408.765306
2006	15	con	p0s0	170	1112	emospace1	[0.587123413085938, -0.6788671874999997]	1.6502316344794963	1554802426.233305
2006	16	inc	p+s-	289	8186	emospace1	[0.02816711425781253, -0.851404418945312]	2.5005778105150966	1554802443.700304
2006	17	con	p-s-	719	6821	emospace1	[0.8555236816406253, 0.044686889648437526]	1.6335987959937484	1554802461.167303
2006	18	inc	p+s-	310	8470	emospace1	[0.6822100830078123, -0.5542687988281246]	0.9503317082599096	1554802478.6363022
2006	19	con	p-s-	277	3053	emospace1	[-0.8726635742187502, 0.03585937500000004]	6.15075631644504	1554802496.1103017
2006	20	con	p-s-	134	8230	emospace1	[0.0, -0.7793420410156247]	4.116926936536402	1554802513.5843012
2006	21	con	p0s0	728	2525	emospace1	[0.8141088867187497, 0.009844970703125]	1.5670554355911008	1554802531.0583007
2006	22	inc	p+s-	719	5215	emospace1	[0.02138000488281247, 0.8817413330078124]	3.8837268147890427	1554802548.547301
2006	23	inc	p+s-	134	4660	emospace1	[0.9444183349609377, -0.01842712402343749]	1.833569260121294	1554802566.0203006
2006	24	inc	p+s-	241	8001	emospace1	[0, 0]	None	1554802583.4953
2006	25	con	p-s-	624	9902	emospace1	[-0.7795373535156251, 0.0]	2.7502961091304314	1554802600.9702995
2006	26	con	p0s0	368	7595	emospace1	[0.5417572021484375, -0.004567871093750007]	3.950398944392873	1554802618.4382987
2006	27	con	p+s+	200	4697	emospace1	[0.8512438964843754, 0.0778216552734375]	1.86696460677922	1554802635.9242988
2006	28	con	p0s0	382	7079	emospace1	[-0.2961071777343751, 0.012189331054687502]	2.3171600418063463	1554802653.394298
2006	29	con	p0s0	130	7092	emospace1	[0.49935119628906255, 0.1993780517578125]	1.850464139428368	1554802670.879298
2006	30	inc	p+s-	293	2300	emospace1	[0.37229675292968734, -0.41069458007812487]	5.450392040684164	1554802688.3892996
2006	31	inc	p+s-	624	4652	emospace1	[0.0, 0.3547003173828127]	5.200253516240991	1554802705.8572986
2006	32	con	p+s+	110	8380	emospace1	[0.6233074951171875, 0.613196411132813]	6.950350618422817	1554802723.3252978
2006	33	con	p0s0	361	7632	emospace1	[0.8821856689453125, 0.01960388183593745]	3.600328316437299	1554802740.795297
2006	34	inc	p+s-	502	8034	emospace1	[0.43570922851562516, -0.23864196777343766]	4.183762654050952	1554802758.2762969
2006	35	con	p-s-	291	1525	emospace1	[-0.4434680175781255, 0.11516174316406252]	3.8671891274370864	1554802775.7412958
2006	36	inc	p-s+	415	9325	emospace1	[1.0, 1.0]	1.5835216845534887	1554802793.211295
2006	37	inc	p-s+	352	6231	emospace1	[-0.017106933593749978, 0.24002502441406262]	7.700588496258206	1554802810.6852946
2006	38	con	p+s+	716	4652	emospace1	[0.7702960205078128, 0.45198608398437495]	3.8667655998324335	1554802828.158294
2006	39	con	p0s0	373	9402	emospace1	[0.197928466796875, 0.3945349121093751]	1.0501185336997878	1554802845.6252928
2006	40	con	p0s0	225	4279	emospace1	[0.5185583496093751, 0.2200079345703125]	1.8835620262343582	1554802863.092292
2006	41	inc	p+s-	260	4490	emospace1	[-1.0, 0.47173278808593755]	4.883684492046086	1554802880.5622911
2006	42	inc	p-s+	365	6510	emospace1	[0.0, -0.3453863525390625]	2.716993812475266	1554802898.0282903
2006	43	con	p-s-	709	9163	emospace1	[0.3752282714843751, 0.2998773193359376]	5.716796606495336	1554802915.4982893
2006	44	inc	p-s+	220	2683	emospace1	[-0.3530346679687501, -0.19758850097656255]	3.6500494365664053	1554802932.9632883
2006	45	inc	p+s-	420	8178	emospace1	[0.0, 0.18658508300781249]	2.983453307806485	1554802950.4272873
2006	46	inc	p+s-	290	4697	emospace1	[-0.3661059570312501, 0.159862060546875]	5.851285680924775	1554802967.9012866
2006	47	con	p0s0	377	6010	emospace1	[0, 0]	None	1554802985.3982875
2006	48	con	p0s0	322	9635	emospace1	[-0.28955261230468743, -0.37781738281250005]	4.917005098541267	1554803002.8642864
2006	49	con	p-s-	711	3261	emospace1	[-0.6906304931640626, 0.4915863037109375]	2.550154252896391	1554803020.3292854
2006	50	con	p+s+	817	8470	emospace1	[0.5711370849609374, 0.8461120605468752]	2.300389429279676	1554803037.7972846
2006	51	inc	p+s-	276	8341	emospace1	[0.3738745117187499, 1.0]	5.833602878186866	1554803055.2652836
2006	52	con	p-s-	713	6510	emospace1	[0.0, 0.39531494140624995]	2.900104216005275	1554803072.7322826
2006	53	con	p-s-	420	3005	emospace1	[-0.4831561279296873, 0.09423278808593752]	3.934062965436169	1554803090.1982818
2006	54	con	p+s+	353	4660	emospace1	[0.5475970458984374, 0.182117919921875]	3.7999989194195223	1554803107.6642807
2006	55	con	p-s-	625	6250	emospace1	[-0.5109448242187502, 0.08781372070312501]	5.000334679856678	1554803125.13328
2006	56	inc	p+s-	288	4668	emospace1	[0.0, 0.25281860351562496]	1.2667389455091325	1554803142.6092794
2006	57	con	p+s+	367	5470	emospace1	[0.9193420410156257, 0.5247424316406254]	2.749889990880547	1554803160.084279
2006	58	inc	p+s-	625	5470	emospace1	[-0.757033081054688, 0.6953466796875003]	3.6167807579786313	1554803177.551278
2006	59	inc	p+s-	423	5270	emospace1	[0.0, -0.24944580078125006]	4.116856998951334	1554803195.0222774