2070	60	con	p-s-	420	3005	emospace1	[-1.0, 0.45814819335937534]	6.039613369384824	1555060445.2045841
2070	61	inc	p-s+	200	3005	emospace1	[-0.8953228759765619, 0.47578796386718747]	1.952278697735892	1555060462.7065852
2070	62	inc	p+s-	719	5215	emospace1	[-0.08198364257812511, 0.201602783203125]	6.62361806149238	1555060480.3015916
2070	63	inc	p+s-	295	5623	emospace1	[0.10777587890625001, -0.185550537109375]	2.8533533320205606	1555060497.8105931
2070	64	con	p-s-	134	8230	emospace1	[-0.11563903808593752, 0.23533020019531256]	1.3014940184039006	1555060515.3745973
2070	65	inc	p-s+	311	8230	emospace1	[0.060902099609375, 0.23428161621093752]	2.9197950384677824	1555060532.8925996
2070	66	inc	p+s-	134	4660	emospace1	[0.4582440185546873, 0.25268005371093744]	1.6184772142241854	1555060550.4786053
2070	67	inc	p+s-	624	4652	emospace1	[0.24993164062500017, 0.22230712890625004]	7.42434997262535	1555060567.9976075
2070	68	inc	p-s+	378	3120	emospace1	[-0.642035522460938, 0.6450152587890626]	2.986501786554072	1555060585.5816133
2070	69	con	p+s+	355	8178	emospace1	[0.48663696289062475, 0.30767395019531235]	7.824751947440745	1555060603.064613
2070	70	inc	p+s-	713	7501	emospace1	[0, 0]	None	1555060620.5506132
2070	71	inc	p+s-	310	8470	emospace1	[0.0, -0.02314208984374999]	8.809087776508022	1555060638.0506144
2070	72	con	p+s+	352	8186	emospace1	[0.056458740234375, 0.212193603515625]	5.822848330146371	1555060655.5366144
2070	73	con	p-s-	291	1525	emospace1	[-0.09944946289062515, 0.22784423828125008]	4.604833723140473	1555060673.0866182
2070	74	con	p-s-	423	2683	emospace1	[-0.6057843017578122, 0.04281738281250001]	1.117986151799414	1555060690.6076202
2070	75	inc	p-s+	205	9253	emospace1	[-0.6887988281249997, 0.37407714843749995]	6.140189617331998	1555060708.191626
2070	76	con	p-s-	624	9902	emospace1	[-0.31391723632812524, 0.13865966796874998]	8.592226685941569	1555060725.6926272
2070	77	inc	p+s-	422	4800	emospace1	[0.07563049316406244, 0.37285583496093744]	8.658952344132558	1555060743.2766328
2070	78	inc	p-s+	808	3010	emospace1	[-0.4764495849609375, 0.13944458007812505]	8.525437994065214	1555060760.777634
2070	79	con	p-s-	625	6250	emospace1	[-0.22095336914062502, -0.14936279296875002]	1.1847298196153133	1555060778.3606396
2070	80	inc	p-s+	215	3101	emospace1	[-0.5241839599609375, 0.077508544921875]	8.892503854060124	1555060795.9136436
2070	81	inc	p+s-	255	9156	emospace1	[-0.329862060546875, 0.0]	0.9177539477095706	1555060813.4316454
2070	82	con	p+s+	110	8380	emospace1	[0.624354858398438, 0.6305883789062503]	5.422477872174568	1555060830.9676485
2070	83	con	p-s-	106	6213	emospace1	[-0.21361267089843752, 0.0]	0.9010941447104415	1555060848.532653
2070	84	inc	p+s-	277	4647	emospace1	[0.0, 0.31828735351562504]	3.3201955124804954	1555060866.0886571
2070	85	inc	p-s+	610	3063	emospace1	[-0.6331896972656249, 0.6434533691406247]	4.888446886016027	1555060883.634661
2070	86	con	p-s-	277	3053	emospace1	[-0.655892333984375, 0.6250250244140627]	3.7205875820036454	1555060901.1486626
2070	87	inc	p+s-	711	8130	emospace1	[-0.0834454345703125, 0.2428228759765624]	3.5204049043804844	1555060918.7376685
2070	88	con	p0s0	720	7046	emospace1	[0.0, 0.09593933105468751]	0.4173691420692194	1555060936.2396698
2070	89	inc	p+s-	420	8178	emospace1	[-0.09297790527343748, 0.06563049316406251]	2.686340480353465	1555060953.8406763
2070	90	con	p0s0	130	7092	emospace1	[0.17920043945312497, 0.05984863281250001]	2.7863257124608936	1555060971.3496778
2070	91	con	p+s+	817	8470	emospace1	[0, 0]	None	1555060988.8776803
2070	92	inc	p+s-	291	5621	emospace1	[-0.058912963867187515, 0.19860290527343752]	2.3692318174835236	1555061006.4616861
2070	93	inc	p-s+	817	1525	emospace1	[0.0, 0.07515808105468752]	3.6205255088316335	1555061024.01169
2070	94	con	p0s0	361	7632	emospace1	[0.0, 0.06484436035156252]	0.5674940688313654	1555061041.5366921
2070	95	inc	p+s-	699	8380	emospace1	[-0.04688049316406251, 0.09188354492187499]	7.1740786276186554	1555061059.066695
2070	96	con	p0s0	382	7079	emospace1	[-0.001854858398437493, -0.1016546630859376]	8.475405756835244	1555061076.6547008
2070	97	con	p+s+	220	5623	emospace1	[0.20110900878906257, -0.0981341552734375]	4.555185090912346	1555061094.1527016
2070	98	con	p0s0	104	2810	emospace1	[-0.014418945312500014, -0.10809387207031253]	7.874896744820944	1555061111.7527084
2070	99	inc	p-s+	367	9429	emospace1	[-0.1290777587890625, 0.0]	1.7521035241225036	1555061129.2367086
2070	100	con	p+s+	815	8370	emospace1	[0.6361431884765626, 0.6157189941406248]	8.825693250473705	1555061146.7227085
2070	101	con	p+s+	205	9156	emospace1	[0.098568115234375, 0.03283325195312499]	5.539091990760426	1555061164.2407107
2070	102	con	p0s0	377	6010	emospace1	[-0.06620544433593759, 0.023749999999999993]	8.308545686813886	1555061181.8077154
2070	103	con	p0s0	225	4279	emospace1	[0.0583099365234375, 0.0]	4.004190239264062	1555061199.3247173
2070	104	con	p-s-	283	9184	emospace1	[-0.42616271972656233, 0.106571044921875]	6.907136073517904	1555061216.9167235
2070	105	con	p0s0	132	7249	emospace1	[0.0753948974609375, 0.08251037597656252]	4.588109385655116	1555061234.4317253
2070	106	inc	p+s-	260	4490	emospace1	[-0.6456561279296872, 0.49121032714843726]	9.009251243864128	1555061251.963728
2070	107	inc	p+s-	106	7405	emospace1	[0.19300537109374996, 0.0818768310546875]	5.255493235585163	1555061269.551734
2070	108	con	p0s0	705	2309	emospace1	[0, 0]	None	1555061287.070736
2070	109	con	p+s+	200	4697	emospace1	[0.10396484375000001, 0.25703308105468753]	1.81867850179151	1555061304.6527417
2070	110	con	p0s0	322	9635	emospace1	[0.10110839843750002, -0.029616699218749994]	7.174097837883892	1555061322.1517427
2070	111	inc	p-s+	353	6370	emospace1	[-0.14782531738281252, 0.12250732421875003]	2.185701438849719	1555061339.7207475
2070	112	inc	p-s+	351	6250	emospace1	[0, 0]	None	1555061357.2697513
2070	113	inc	p+s-	289	8186	emospace1	[-0.11657470703125, 0.05327880859374999]	6.473406088214688	1555061374.8217552
2070	114	con	p0s0	723	9926	emospace1	[-0.07054504394531246, 0.024076538085937505]	3.9042308209518524	1555061392.372759
2070	115	con	p0s0	368	7595	emospace1	[-0.07344360351562501, -0.12666442871093753]	3.1534924263523862	1555061409.892761
2070	116	con	p-s-	255	3063	emospace1	[-0.6447723388671875, 0.6304766845703126]	5.822690745933869	1555061427.4747665
2070	117	con	p-s-	260	3102	emospace1	[-0.6403698730468752, 0.6153271484374999]	5.222023849544712	1555061444.9777677
2070	118	inc	p-s+	601	3195	emospace1	[-0.292745361328125, 0.07875427246093751]	8.658887809644511	1555061462.5837748
2070	119	inc	p-s+	201	9163	emospace1	[-0.247823486328125, -0.00035400390625000243]	5.8894992483983515	1555061480.068775
