2103	0	inc	p+s-	260	4490	emospace1	[-0.5158020019531252, 0.42204528808593766]	6.53365528635004	1555406760.1822715
2103	1	inc	p-s+	415	9325	emospace1	[-0.4561126708984373, 0.36184204101562495]	4.133595194058216	1555406777.6552708
2103	2	con	p-s-	502	6231	emospace1	[-0.30469482421875, 0.06703857421875002]	3.5670404275260807	1555406795.1422713
2103	3	inc	p+s-	420	8178	emospace1	[0.2386248779296877, 0.09952148437500002]	4.666780427800404	1555406812.6172707
2103	4	inc	p+s-	423	5270	emospace1	[-0.019151611328125026, -0.17888366699218747]	4.200705859329901	1555406830.0842698
2103	5	inc	p+s-	699	8380	emospace1	[0.014420166015624989, -0.15977050781250002]	7.700484640445211	1555406847.5512688
2103	6	inc	p-s+	601	3195	emospace1	[-0.5264105224609377, 0.5315850830078125]	4.000537588899533	1555406865.023268
2103	7	inc	p-s+	220	2683	emospace1	[0.21882995605468747, 0.11234680175781252]	4.633576884218201	1555406882.489267
2103	8	con	p+s+	220	5623	emospace1	[0.473387451171875, 0.27469970703125]	1.8668559483867284	1555406899.957266
2103	9	con	p0s0	723	9926	emospace1	[-0.3388824462890624, 0.301456298828125]	7.467528850003873	1555406917.419265
2103	10	inc	p-s+	360	6230	emospace1	[-0.5831457519531249, 0.3077069091796875]	6.583523485520345	1555406934.884264
2103	11	inc	p+s-	501	4656	emospace1	[0.06082824707031255, 0.25869384765625]	7.816913009051859	1555406952.3522632
2103	12	con	p-s-	288	9325	emospace1	[-0.004680786132812258, -0.26111328125]	6.150310276741948	1555406969.8262625
2103	13	inc	p-s+	815	9622	emospace1	[0.23963562011718753, -0.07684082031249996]	8.516890076727577	1555406987.3042622
2103	14	inc	p-s+	205	9253	emospace1	[-0.47417053222656236, 0.47398376464843767]	5.967156049660844	1555407004.7742615
2103	15	inc	p-s+	215	3101	emospace1	[-0.9186682128906253, 0.8666308593750003]	3.8668580495159404	1555407022.2402604
2103	16	con	p0s0	322	9635	emospace1	[-0.009484252929687478, -0.31182861328125017]	6.4171092545129795	1555407039.7072594
2103	17	con	p-s-	423	2683	emospace1	[-0.403597412109375, -0.08768920898437502]	4.234058282920159	1555407057.1742585
2103	18	inc	p-s+	201	9163	emospace1	[-0.3068383789062503, -0.0859057617187499]	6.400373760858201	1555407074.6442578
2103	19	con	p-s-	719	6821	emospace1	[-0.2048822021484373, -0.18002685546874997]	6.783598705944314	1555407092.1062565
2103	20	inc	p+s-	502	8034	emospace1	[0, 0]	None	1555407109.5752559
2103	21	con	p0s0	170	1112	emospace1	[-0.16241455078124994, -0.4189105224609376]	6.133705053096492	1555407127.042255
2103	22	con	p+s+	367	5470	emospace1	[0.12009521484374991, -0.36648193359375014]	4.383698299465323	1555407144.5082538
2103	23	inc	p-s+	716	9184	emospace1	[0.14604064941406247, -0.2660247802734375]	3.250370549134459	1555407161.9812531
2103	24	inc	p+s-	310	8470	emospace1	[0.07514160156250001, -0.21473449707031245]	5.88373371849957	1555407179.4592528
2103	25	con	p+s+	205	9156	emospace1	[0.11832336425781251, -0.32317626953124984]	4.633637516801173	1555407196.926252
2103	26	con	p+s+	815	8370	emospace1	[0.33726440429687515, 0.35180419921874995]	2.4002714058533456	1555407214.3952513
2103	27	con	p0s0	120	1945	emospace1	[0.11065307617187484, -0.34518310546875014]	8.650934312097888	1555407231.8612502
2103	28	con	p+s+	202	4668	emospace1	[0.24173767089843753, 0.22783325195312498]	1.76712015036901	1555407249.3372495
2103	29	inc	p-s+	200	3005	emospace1	[-0.6212017822265624, 0.402708740234375]	3.6670292615253857	1555407266.809249
2103	30	con	p-s-	106	6213	emospace1	[-0.32659851074218765, 0.11298339843750002]	4.05045891662121	1555407284.277248
2103	31	inc	p+s-	276	8341	emospace1	[-0.20062438964843765, 0.2430639648437499]	5.383713307532162	1555407301.7482474
2103	32	inc	p+s-	283	4659	emospace1	[0.03963623046874997, -0.2798315429687499]	4.266666906794853	1555407319.213246
2103	33	con	p-s-	624	9902	emospace1	[0.351732177734375, -0.20458679199218766]	8.61637584037635	1555407336.6802454
2103	34	con	p+s+	817	8470	emospace1	[0.08635681152343751, -0.20238952636718757]	8.86740494341575	1555407354.1462443
2103	35	inc	p+s-	624	4652	emospace1	[0.15285461425781252, 0.15158386230468754]	3.68354983968311	1555407371.6292443
2103	36	con	p0s0	728	2525	emospace1	[-0.06944824218749983, -0.5577587890624996]	6.3336136839934625	1555407389.1032438
2103	37	con	p+s+	808	8341	emospace1	[0.32490966796875004, -0.10488281250000007]	3.284072660648235	1555407406.5812433
2103	38	con	p-s-	709	9163	emospace1	[-0.02311401367187502, -0.3016668701171875]	8.133843727619023	1555407424.0512428
2103	39	con	p+s+	353	4660	emospace1	[0.398499755859375, 0.11949462890625008]	6.350202398769397	1555407441.5142415
2103	40	con	p0s0	720	7046	emospace1	[0, 0]	None	1555407458.9812405
2103	41	con	p0s0	373	9402	emospace1	[-0.41564086914062504, 0.19127136230468753]	3.6840436050333665	1555407476.45224
2103	42	inc	p-s+	210	3102	emospace1	[-0.6933776855468747, 0.7193945312499999]	1.899760531308857	1555407493.9162385
2103	43	inc	p+s-	719	5215	emospace1	[0.00367492675781251, -0.2607781982421875]	7.584047567162997	1555407511.3942385
2103	44	con	p-s-	277	3053	emospace1	[-0.608284912109375, 0.5312567138671878]	1.5336213681239315	1555407528.8762383
2103	45	inc	p-s+	311	8230	emospace1	[-0.3799145507812497, 0.597537841796875]	4.850313458451637	1555407546.3492377
2103	46	inc	p-s+	817	1525	emospace1	[-0.11763488769531254, -0.2596630859374999]	4.050562172111313	1555407563.8192372
2103	47	inc	p-s+	820	6821	emospace1	[0.292691650390625, 0.09500976562499999]	1.9336757573528303	1555407581.285236
2103	48	con	p-s-	625	6250	emospace1	[-0.2279693603515626, 0.06859130859374996]	3.700725970136773	1555407598.752235
2103	49	inc	p-s+	204	3053	emospace1	[-0.6614178466796874, 0.5109765625000001]	8.36695560193948	1555407616.2322347
2103	50	con	p-s-	420	3005	emospace1	[-0.4288476562500002, 0.5341192626953127]	4.5336555865123955	1555407633.703234
2103	51	con	p-s-	260	3102	emospace1	[-0.6109216308593749, 0.5942279052734374]	5.100394652086834	1555407651.169233
2103	52	inc	p-s+	351	6250	emospace1	[-0.39808105468749994, -0.13223083496093752]	4.733588830637018	1555407668.6362321
2103	53	inc	p-s+	110	6213	emospace1	[-0.074541015625, -0.2547918701171875]	5.050318441130003	1555407686.120232
2103	54	inc	p-s+	109	3261	emospace1	[-0.648140869140625, 0.6765826416015629]	1.8502315144160093	1555407703.5872312
2103	55	con	p+s+	360	4656	emospace1	[0.23771423339843717, 0.06594665527343752]	4.016893978823646	1555407721.0542302
2103	56	inc	p-s+	352	6231	emospace1	[-0.06602722167968754, -0.16838928222656255]	7.116899021533754	1555407738.53223
2103	57	inc	p+s-	289	8186	emospace1	[0.15199890136718755, -0.06805297851562506]	3.900387568279257	1555407756.0062294
2103	58	con	p+s+	200	4697	emospace1	[0.24697814941406246, 0.23595214843750004]	1.7002877346276364	1555407773.4762287
2103	59	inc	p+s-	703	4611	emospace1	[0.1914233398437499, 0.17408142089843753]	3.8002411495926935	1555407790.9422276