2104	60	inc	p-s+	815	9622	emospace1	[0.0, 0.8992279052734381]	2.135684316748666	1554811865.8978648
2104	61	inc	p+s-	283	4659	emospace1	[0.0, -0.8598223876953126]	0.8343391738744685	1554811883.3828647
2104	62	con	p0s0	373	9402	emospace1	[-0.9132855224609372, 0.0006732177734376094]	1.268240052206238	1554811900.8848658
2104	63	con	p+s+	415	4490	emospace1	[0, 0]	None	1554811918.3678656
2104	64	inc	p+s-	703	4611	emospace1	[0.0, -0.9899719238281248]	1.66866333967846	1554811935.8698668
2104	65	con	p0s0	322	9635	emospace1	[0, 0]	None	1554811953.3538668
2104	66	con	p0s0	728	2525	emospace1	[0, 0]	None	1554811970.860868
2104	67	con	p-s-	625	6250	emospace1	[-0.88667236328125, 0.0]	2.719612119552039	1554811988.3408678
2104	68	inc	p-s+	366	6263	emospace1	[0.0, -0.8655291748046875]	2.0523985589861695	1554812005.845869
2104	69	inc	p-s+	813	9423	emospace1	[0.0, -0.8237847900390628]	1.3181712852492637	1554812023.34587
2104	70	con	p-s-	277	3053	emospace1	[-0.8779730224609378, 0.0]	1.4349709533889836	1554812040.8368704
2104	71	inc	p+s-	709	8193	emospace1	[0.0, 0.8303240966796883]	1.2013890264606744	1554812058.3298712
2104	72	con	p0s0	368	7595	emospace1	[0.8826654052734375, 0.0]	0.8677639363377239	1554812075.8138711
2104	73	con	p+s+	355	8178	emospace1	[0.013554687500000002, 0.8699072265625005]	2.8864363709035388	1554812093.3138719
2104	74	inc	p+s-	295	5623	emospace1	[-0.8811236572265628, 0.013060913085937534]	7.924869024613145	1554812110.800872
2104	75	inc	p-s+	215	3101	emospace1	[-0.8283941650390628, -0.05603271484374999]	2.1355387385192444	1554812128.3008733
2104	76	inc	p+s-	277	4647	emospace1	[0.0, -0.8875915527343751]	1.51793703936346	1554812145.7898734
2104	77	con	p0s0	377	6010	emospace1	[-0.85270263671875, 0.0007727050781249911]	1.651938651830278	1554812163.2868743
2104	78	con	p-s-	420	3005	emospace1	[-0.8721136474609387, 0.0]	2.302493860202958	1554812180.7868752
2104	79	inc	p+s-	713	7501	emospace1	[0.0, -0.814109497070312]	0.8344412287151499	1554812198.2898762
2104	80	inc	p-s+	220	2683	emospace1	[0, 0]	None	1554812215.7748764
2104	81	inc	p+s-	290	4697	emospace1	[-0.8799407958984382, -0.0689416503906249]	3.8542224591474223	1554812233.2778776
2104	82	con	p+s+	200	4697	emospace1	[0.0, 0.8481329345703122]	1.6351350215591083	1554812250.7628777
2104	83	con	p-s-	255	3063	emospace1	[-0.8869860839843752, 0.0]	1.5860025177535135	1554812268.2598784
2104	84	con	p0s0	358	2115	emospace1	[0.03409790039062501, -0.9242596435546876]	2.5027221628915868	1554812285.756879
2104	85	inc	p-s+	817	1525	emospace1	[0.0, 0.9244464111328123]	1.8020054977569089	1554812303.2448792
2104	86	inc	p-s+	201	9163	emospace1	[0.0, 0.8447564697265618]	2.169028635991708	1554812320.7358797
2104	87	inc	p-s+	610	3063	emospace1	[-0.9101586914062505, 0.0]	1.9688066366870771	1554812338.2308805
2104	88	con	p0s0	382	7079	emospace1	[0.0, -0.8407635498046885]	2.3025043658453797	1554812355.721881
2104	89	inc	p+s-	134	4660	emospace1	[-0.026370849609375514, -1.0]	3.5370948347663216	1554812373.2168818
2104	90	inc	p-s+	355	3150	emospace1	[-0.8889074707031248, 0.0]	0.8176826226408593	1554812390.7018816
2104	91	con	p-s-	709	9163	emospace1	[0.0, 0.9840649414062506]	1.2513688856379304	1554812408.2078831
2104	92	inc	p+s-	624	4652	emospace1	[0.8809265136718751, 0.0]	1.5518339555674174	1554812425.6868827
2104	93	con	p-s-	241	3010	emospace1	[-0.9300048828124995, 0.0]	1.2514559324154106	1554812443.1888838
2104	94	inc	p+s-	288	4668	emospace1	[0.0, 0.8798449707031256]	0.7676895563672588	1554812460.6818845
2104	95	con	p-s-	288	9325	emospace1	[-0.8089337158203124, -0.013513183593749933]	2.5027218627292314	1554812478.1788852
2104	96	con	p0s0	225	4279	emospace1	[0.0, -0.9340985107421877]	0.8009831483432208	1554812495.6588848
2104	97	con	p-s-	719	6821	emospace1	[0.0, 0.8558837890625001]	4.5878256975302065	1554812513.160886
2104	98	con	p0s0	724	6570	emospace1	[0.0, -0.9244165039062505]	1.168036903032771	1554812530.644886
2104	99	con	p+s+	808	8341	emospace1	[0.0, -0.856478881835937]	0.8843586543407582	1554812548.1638882
2104	100	inc	p+s-	255	9156	emospace1	[-0.9400030517578123, 0.0]	0.8843970749876462	1554812565.665889
2104	101	con	p+s+	366	7501	emospace1	[0.0, -0.8707714843750002]	0.9345699378827703	1554812583.1508892
2104	102	inc	p+s-	420	8178	emospace1	[0.0, 0.8693695068359374]	3.2535438544655335	1554812600.6488898
2104	103	con	p-s-	260	3102	emospace1	[-0.8678192138671875, -0.08821472167968762]	1.6685342703167407	1554812618.1338902
2104	104	inc	p+s-	289	8186	emospace1	[-0.9104693603515626, 0.0]	0.8009852494724328	1554812635.6368911
2104	105	inc	p+s-	424	4651	emospace1	[0, 0]	None	1554812653.1198912
2104	106	inc	p-s+	378	3120	emospace1	[-0.9157824707031257, 0.0]	0.9679253630893072	1554812670.6218922
2104	107	con	p-s-	502	6231	emospace1	[0.0, -0.8460052490234378]	1.0513176781205402	1554812688.1148927
2104	108	inc	p-s+	109	3261	emospace1	[-0.8526568603515629, 0.0]	0.751058218687831	1554812705.6078932
2104	109	inc	p+s-	106	7405	emospace1	[0.0, -0.9210833740234379]	1.0513242816705315	1554812723.0958936
2104	110	con	p0s0	130	7092	emospace1	[0.0, -0.8447430419921874]	2.8030074361959123	1554812740.6018949
2104	111	inc	p-s+	367	9429	emospace1	[0.0, -0.7967974853515628]	2.135666006910469	1554812758.0958953
2104	112	con	p+s+	815	8370	emospace1	[0.0, 0.9337512207031247]	0.9679082538968942	1554812775.5808954
2104	113	con	p0s0	152	9468	emospace1	[-0.04089050292968752, 0.9073205566406252]	2.803083977330971	1554812793.0688958
2104	114	inc	p-s+	202	9902	emospace1	[0.02732421874999995, 1.0]	1.0680300593521679	1554812810.5668967
2104	115	con	p+s+	817	8470	emospace1	[0.0, 0.794376831054688]	1.6184790706538479	1554812828.0508966
2104	116	inc	p+s-	260	4490	emospace1	[-0.8586315917968744, 0.0]	1.5360019474464934	1554812845.5518975
2104	117	inc	p-s+	365	6510	emospace1	[0.0, -0.9701306152343754]	0.9177834168076515	1554812863.0358975
2104	118	inc	p-s+	351	6250	emospace1	[0.0, -0.8114044189453126]	0.7008499367584591	1554812880.5368986
2104	119	inc	p+s-	719	5215	emospace1	[-0.8840637207031249, 0.0]	0.7842947800127149	1554812898.0328994
