2428	60	inc	p+s-	625	5470	emospace1	[0.23951721191406244, 0.5042340087890625]	4.583666711492697	1554728675.3741813
2428	61	inc	p+s-	711	8130	emospace1	[0.00044128417968751846, 0.7045654296875001]	8.033586448596907	1554728692.8431807
2428	62	con	p+s+	200	4697	emospace1	[1.0, 1.0]	8.450606504116877	1554728710.3111799
2428	63	inc	p+s-	288	4668	emospace1	[0.1767779541015622, 1.0]	4.866867153807107	1554728727.7851791
2428	64	inc	p+s-	624	4652	emospace1	[0.21142150878906252, 1.0]	5.200316549166018	1554728745.2591786
2428	65	con	p0s0	322	9635	emospace1	[-1.0, 0.7521643066406253]	7.400046284732525	1554728762.7261777
2428	66	con	p-s-	255	3063	emospace1	[-1.0, -0.32730895996093745]	1.7335698197093734	1554728780.1921766
2428	67	inc	p-s+	205	9253	emospace1	[-0.23465515136718734, 0.2498919677734375]	8.283580445389816	1554728797.662176
2428	68	con	p0s0	152	9468	emospace1	[0.5167449951171875, -0.04462890624999996]	6.566829813855293	1554728815.1341753
2428	69	inc	p-s+	352	6231	emospace1	[-0.1263732910156252, 0.36782836914062506]	7.733603737840895	1554728832.6221755
2428	70	con	p0s0	368	7595	emospace1	[0.6583819580078121, -0.6613983154296874]	7.10030910518617	1554728850.095175
2428	71	inc	p+s-	422	4800	emospace1	[0.7055877685546872, 0.6884387207031252]	7.200425807553984	1554728867.5621738
2428	72	con	p0s0	720	7046	emospace1	[0.2247576904296875, 0.4011016845703126]	4.2501437768332835	1554728885.028173
2428	73	con	p0s0	361	7632	emospace1	[-0.06789245605468734, 0.3006921386718751]	8.700227101362543	1554728902.5041726
2428	74	con	p+s+	202	4668	emospace1	[1.0, 1.0]	5.433573601731041	1554728919.9891725
2428	75	con	p0s0	425	7560	emospace1	[0.28348693847656253, 0.339228515625]	4.633331852539413	1554728937.4641724
2428	76	inc	p+s-	290	4697	emospace1	[-0.26316223144531253, 0.939072875976563]	6.582840369890619	1554728954.9341714
2428	77	inc	p-s+	415	9325	emospace1	[-0.08453369140625001, 0.147344970703125]	7.43392599004801	1554728972.4031706
2428	78	inc	p-s+	353	6370	emospace1	[-0.3792041015624998, 0.12394287109375]	2.467034883444285	1554728989.8821704
2428	79	con	p-s-	420	3005	emospace1	[-0.6581225585937509, 0.6462542724609376]	6.51689993132095	1554729007.3481693
2428	80	con	p-s-	291	1525	emospace1	[-0.0959417724609375, 0.2837548828125001]	1.0336035577420262	1554729024.8151681
2428	81	inc	p-s+	355	3150	emospace1	[-0.9958734130859375, 0.4223791503906247]	5.650419984438486	1554729042.2851677
2428	82	con	p0s0	225	4279	emospace1	[1.0, 0.19360107421875006]	2.0503795228178205	1554729059.7511668
2428	83	con	p-s-	277	3053	emospace1	[-1.0, 0.7472137451171875]	4.550192522885482	1554729077.2271662
2428	84	con	p+s+	813	8034	emospace1	[1.0, 0.6228186035156252]	6.750491962906381	1554729094.704166
2428	85	inc	p-s+	215	3101	emospace1	[-0.6284228515625001, 0.40615356445312506]	5.883860134857969	1554729112.169165
2428	86	con	p0s0	130	7092	emospace1	[-0.8110839843749998, -0.7698229980468748]	2.683596113762178	1554729129.6421642
2428	87	con	p0s0	728	2525	emospace1	[-0.6438806152343752, -0.6612542724609379]	8.767035903987562	1554729147.125164
2428	88	con	p-s-	719	6821	emospace1	[-0.6922296142578122, 0.20678527832031246]	7.666875978520693	1554729164.603164
2428	89	inc	p+s-	703	4611	emospace1	[0.9081146240234376, -0.2154351806640625]	8.900248592846765	1554729182.0721629
2428	90	con	p+s+	366	7501	emospace1	[1.0, 1.0]	5.166905094079993	1554729199.537162
2428	91	inc	p+s-	134	4660	emospace1	[1.0, 0.32261962890624996]	7.33390924109699	1554729217.0031607
2428	92	inc	p-s+	360	6230	emospace1	[-0.6499993896484375, 0.6369964599609377]	7.21681336506299	1554729234.4691598
2428	93	con	p+s+	367	5470	emospace1	[1.0, 0.23448059082031245]	8.48368568162914	1554729251.938159
2428	94	inc	p-s+	110	6213	emospace1	[-0.1492364501953125, 0.2877874755859376]	7.651464242491784	1554729269.406158
2428	95	inc	p+s-	502	8034	emospace1	[-0.0030529785156249998, 0.27360473632812504]	5.400259998943511	1554729286.8741574
2428	96	con	p-s-	289	6263	emospace1	[-0.9352105712890626, 0.27845703125]	7.050425147197529	1554729304.3441565
2428	97	inc	p-s+	365	6510	emospace1	[-0.5153851318359387, 0.29282775878906253]	8.583532839951658	1554729321.8051553
2428	98	inc	p+s-	277	4647	emospace1	[-0.16876831054687505, 1.0]	8.816927666142874	1554729339.2781546
2428	99	inc	p-s+	216	3015	emospace1	[-1.0, 0.6053723144531246]	3.5837711673120793	1554729356.7441535
2428	100	con	p0s0	132	7249	emospace1	[0.10015563964843752, -0.4609429931640624]	8.050444357464585	1554729374.2101526
2428	101	inc	p-s+	200	3005	emospace1	[-0.5963055419921868, -0.6333135986328124]	6.250428328901762	1554729391.6741514
2428	102	con	p+s+	360	4656	emospace1	[0.5847363281250003, 0.8372625732421871]	6.86649465474693	1554729409.1401505
2428	103	inc	p+s-	699	8380	emospace1	[0.16210937500000003, 0.5984844970703121]	8.850207350809796	1554729426.6101496
2428	104	con	p-s-	501	3195	emospace1	[0.0, 0.0]	0.0005507943460543174	1554729444.083149
2428	105	inc	p+s-	291	5621	emospace1	[0.030043334960937557, -0.12924743652343754]	7.882865103110817	1554729461.5601487
2428	106	con	p+s+	815	8370	emospace1	[0.8233905029296873, 0.8063891601562504]	5.084008894351427	1554729479.0281477
2428	107	con	p0s0	170	1112	emospace1	[-0.3135412597656251, -1.0]	2.850233764926088	1554729496.498147
2428	108	con	p0s0	104	2810	emospace1	[-0.4435577392578128, 0.22220153808593746]	3.283495800154924	1554729513.963146
2428	109	con	p+s+	205	9156	emospace1	[0.8923510742187498, 0.29438842773437496]	2.850433971914754	1554729531.4791477
2428	110	inc	p-s+	210	3102	emospace1	[-0.8912255859375011, 0.21530212402343749]	7.517143061253591	1554729548.947147
2428	111	con	p0s0	120	1945	emospace1	[0.3042755126953125, -0.2620196533203126]	7.850095691133902	1554729566.414146
2428	112	inc	p+s-	106	7405	emospace1	[0.0, 0.10944030761718745]	5.0332430650923925	1554729583.8831453
2428	113	con	p-s-	625	6250	emospace1	[-0.40681884765625004, 0.47496520996093755]	6.8504063571563165	1554729601.346144
2428	114	con	p-s-	713	6510	emospace1	[-0.2459454345703126, 0.18984863281250003]	8.15011772291109	1554729618.829144
2428	115	inc	p-s+	220	2683	emospace1	[-0.15548828125000003, 0.3347302246093746]	4.283656385974609	1554729636.299143
2428	116	con	p0s0	358	2115	emospace1	[-1.0, -0.5688580322265627]	5.916845662319247	1554729653.794144
2428	117	con	p+s+	352	8186	emospace1	[0.6402673339843753, 0.6285681152343758]	6.183693966057035	1554729671.2671435
2428	118	con	p+s+	365	8193	emospace1	[0.24910461425781252, 0.5442248535156252]	5.500274946931313	1554729688.7331424
2428	119	inc	p+s-	293	2300	emospace1	[-0.08921752929687507, -0.07968933105468737]	7.800283471486182	1554729706.213142