2669	60	inc	p+s-	709	8193	emospace1	[0.6361651611328126, -0.6584100341796875]	6.590190397748302	1555579488.6440947
2669	61	inc	p+s-	502	8034	emospace1	[0.6645800781250002, -0.5857000732421875]	1.0345595686339948	1555579506.1620967
2669	62	con	p+s+	815	8370	emospace1	[0.6461621093750007, 0.6575531005859371]	1.7853363837639336	1555579523.6630976
2669	63	con	p0s0	728	2525	emospace1	[-0.8612725830078126, -0.00839233398437526]	5.405627767477199	1555579541.1530979
2669	64	con	p+s+	110	8380	emospace1	[0.8571777343750009, -0.0017425537109374521]	3.6539180538075016	1555579558.6490986
2669	65	inc	p-s+	200	3005	emospace1	[-0.6165374755859377, 0.6425292968750003]	1.9187678895614226	1555579576.132099
2669	66	con	p0s0	104	2810	emospace1	[-0.8846057128906252, 0.020470581054687832]	3.0199066381064767	1555579593.6320996
2669	67	inc	p+s-	422	4800	emospace1	[0.0, -0.8685559082031247]	3.0032321272483387	1555579611.1190999
2669	68	inc	p-s+	366	6263	emospace1	[0.0, -0.9137829589843751]	1.067982429811309	1555579628.623101
2669	69	inc	p-s+	815	9622	emospace1	[0.647503051757813, -0.6140789794921873]	6.8904822737276845	1555579646.103101
2669	70	inc	p-s+	210	3102	emospace1	[-0.6050036621093752, 0.6221960449218753]	1.9855289666793396	1555579663.604102
2669	71	con	p-s-	713	6510	emospace1	[-0.6143688964843756, -0.6720501708984372]	7.991630027087012	1555579681.0871017
2669	72	inc	p+s-	289	8186	emospace1	[0.0, -0.8850524902343754]	0.7510268487476424	1555579698.5901027
2669	73	con	p-s-	423	2683	emospace1	[-0.680941162109375, -0.6522979736328127]	3.6872274543529784	1555579716.0931041
2669	74	inc	p-s+	367	9429	emospace1	[-0.6608764648437503, -0.6450610351562501]	1.8357675341703725	1555579733.575104
2669	75	inc	p+s-	291	5621	emospace1	[0.67656494140625, -0.6376031494140625]	3.2201271359408565	1555579751.078105
2669	76	inc	p+s-	624	4652	emospace1	[0.012856445312500141, 0.8851763916015626]	5.422324790368293	1555579768.561105
2669	77	inc	p+s-	277	4647	emospace1	[-0.6781359863281244, 0.6364361572265624]	6.640197121341771	1555579786.0671062
2669	78	con	p0s0	724	6570	emospace1	[0.01377685546874995, 0.8831280517578124]	2.152503697976499	1555579803.547106
2669	79	inc	p-s+	220	2683	emospace1	[0.021110229492187504, 0.8460949707031256]	1.084578898962718	1555579821.0511074
2669	80	con	p-s-	502	6231	emospace1	[0.0, -0.9374316406250003]	1.1683830839192524	1555579838.5441077
2669	81	con	p-s-	255	3063	emospace1	[-0.6393450927734365, 0.6709588623046874]	7.5911803267681535	1555579856.0351083
2669	82	inc	p-s+	201	9163	emospace1	[-0.897862548828126, 0.04037292480468744]	2.636191180567039	1555579873.5411096
2669	83	inc	p+s-	312	8370	emospace1	[-0.014302978515625002, 0.8921978759765627]	2.6027725216354156	1555579891.0381103
2669	84	inc	p+s-	288	4668	emospace1	[0.6154364013671876, -0.6140722656249997]	8.775716542921145	1555579908.5301108
2669	85	con	p-s-	260	3102	emospace1	[-0.6323712158203124, 0.6605242919921882]	2.0522927452439035	1555579926.0231113
2669	86	con	p+s+	716	4652	emospace1	[0.6552618408203127, -0.6148742675781251]	2.8030071270095505	1555579943.5081115
2669	87	con	p0s0	130	7092	emospace1	[0.0, 0.8732818603515632]	0.7509392019092047	1555579961.0181131
2669	88	con	p-s-	288	9325	emospace1	[-0.64259521484375, 0.6635955810546872]	2.269146631959302	1555579978.5131135
2669	89	inc	p-s+	716	9184	emospace1	[0.008215332031250008, -0.9111273193359376]	3.503712684059792	1555579996.001114
2669	90	inc	p-s+	365	6510	emospace1	[0.0, -0.819842529296875]	4.9718758704639185	1555580013.4781137
2669	91	con	p0s0	358	2115	emospace1	[0.6391870117187503, -0.6079168701171874]	1.401600815475831	1555580030.9921153
2669	92	inc	p-s+	110	6213	emospace1	[0.022962036132812606, -0.9541003417968753]	1.318166728300639	1555580048.4801154
2669	93	con	p0s0	720	7046	emospace1	[0.66594482421875, -0.6311035156249999]	1.3515508687851252	1555580065.9651155
2669	94	con	p+s+	355	8178	emospace1	[0.9053253173828132, 0.01958068847656307]	3.8874602587620757	1555580083.4501157
2669	95	inc	p-s+	204	3053	emospace1	[-0.6409344482421878, 0.6925653076171873]	2.319152455071162	1555580100.9791183
2669	96	con	p+s+	813	8034	emospace1	[0.9368701171874999, 0.016399536132812222]	3.8707680384395644	1555580118.6041265
2669	97	con	p+s+	415	4490	emospace1	[-0.6147906494140623, -0.6857830810546879]	1.7519510426373017	1555580136.1721313
2669	98	inc	p+s-	711	8130	emospace1	[0.0125390625, -0.8643188476562491]	3.4036220956477337	1555580153.656131
2669	99	inc	p-s+	601	3195	emospace1	[-0.6593762207031251, 0.5903137207031249]	0.8511735671545466	1555580171.1441317
2669	100	inc	p+s-	260	4490	emospace1	[-0.6677923583984378, 0.6727343750000001]	1.6018030035247648	1555580188.6251314
2669	101	con	p+s+	205	9156	emospace1	[-0.032503662109375005, 0.8801580810546881]	2.302499855923088	1555580206.1111314
2669	102	con	p0s0	368	7595	emospace1	[0.6507843017578132, -0.6886859130859375]	2.0355732103234914	1555580223.6121325
2669	103	inc	p-s+	355	3150	emospace1	[-0.6470367431640623, 0.5865655517578126]	1.151486154200029	1555580241.0951324
2669	104	inc	p-s+	216	3015	emospace1	[-0.63843994140625, 0.6207836914062502]	1.1847397249093774	1555580258.5981336
2669	105	inc	p+s-	423	5270	emospace1	[-0.6414141845703123, -0.6408093261718752]	1.318158924128511	1555580276.0981345
2669	106	con	p0s0	322	9635	emospace1	[0.0, -0.8590234374999999]	2.219103588959115	1555580293.5821345
2669	107	inc	p-s+	360	6230	emospace1	[-0.6909149169921879, -0.6813702392578127]	2.803006826847195	1555580311.0821354
2669	108	con	p0s0	425	7560	emospace1	[0.8580694580078126, 0.0]	1.5183716177925817	1555580328.5691357
2669	109	con	p-s-	709	9163	emospace1	[-0.001998901367187835, -0.9072991943359363]	3.6874357656743086	1555580346.0741367
2669	110	inc	p-s+	378	3120	emospace1	[-0.6268743896484366, -0.7414703369140628]	8.775687427361845	1555580363.5541365
2669	111	con	p+s+	202	4668	emospace1	[-0.6539178466796876, -0.6843695068359376]	1.7853624977196887	1555580381.0641382
2669	112	con	p+s+	353	4660	emospace1	[-0.017024536132812563, -0.8454156494140628]	3.7205962866555637	1555580398.5571387
2669	113	con	p0s0	152	9468	emospace1	[-0.6659271240234382, -0.6049548339843751]	4.371259100862517	1555580416.0461392
2669	114	con	p0s0	382	7079	emospace1	[0.035751342773437514, -0.8482666015625004]	4.787974493568981	1555580433.54814
2669	115	con	p0s0	170	1112	emospace1	[0.6123651123046876, -0.6326800537109374]	2.886409397182433	1555580451.045141
2669	116	con	p-s-	711	3261	emospace1	[-0.6167224121093747, 0.6026599121093751]	1.3014745079781278	1555580468.529141
2669	117	con	p+s+	366	7501	emospace1	[0.6664788818359374, 0.5999847412109367]	4.004246969579981	1555580486.031142
2669	118	inc	p+s-	424	4651	emospace1	[-0.6508178710937506, -0.6417297363281251]	1.4683303757519752	1555580503.513142
2669	119	inc	p-s+	215	3101	emospace1	[-0.6546197509765629, 0.61219482421875]	1.7352567211910355	1555580521.015143
