2881	60	con	p0s0	382	7079	emospace1	[-0.30353515624999994, 0.27338134765625005]	6.206496828937816	1554731290.929468
2881	61	con	p-s-	106	6213	emospace1	[-0.6570349121093751, 0.9190753173828125]	6.022968105073232	1554731308.4084678
2881	62	con	p0s0	130	7092	emospace1	[0.31383300781250006, -0.24919921875000003]	8.92600253396813	1554731325.9014683
2881	63	inc	p+s-	699	8380	emospace1	[-0.35844177246093756, 0.24187927246093752]	5.1721216629121045	1554731343.3964686
2881	64	inc	p+s-	295	5623	emospace1	[-0.4831695556640627, -0.32998840332031254]	6.673632829093549	1554731360.8804688
2881	65	inc	p-s+	367	9429	emospace1	[-0.43316162109375017, 0.49737426757812514]	2.3526493659228436	1554731378.365469
2881	66	con	p+s+	365	8193	emospace1	[0.5201464843749998, 0.4272149658203123]	3.220115184209135	1554731395.849469
2881	67	inc	p-s+	201	9163	emospace1	[-0.12578369140625, 0.253377685546875]	6.239871854788362	1554731413.3554702
2881	68	con	p0s0	720	7046	emospace1	[-0.29097473144531244, -0.2549194335937502]	5.021997981111781	1554731430.850471
2881	69	inc	p+s-	420	8178	emospace1	[0.0, 0.3365649414062501]	6.1561362291759	1554731448.353472
2881	70	inc	p-s+	109	3261	emospace1	[-0.6072064208984373, 0.6229742431640627]	1.785331257411599	1554731465.8384721
2881	71	con	p+s+	353	4660	emospace1	[0.5495062255859375, 0.5703240966796875]	1.7018618756010255	1554731483.3394732
2881	72	inc	p-s+	200	3005	emospace1	[-0.3464337158203125, -0.3239550781249999]	3.336909764962911	1554731500.8234732
2881	73	con	p+s+	202	4668	emospace1	[0.740615844726563, 0.38460021972656233]	3.9208265384149854	1554731518.3334746
2881	74	inc	p+s-	288	4668	emospace1	[-0.13765747070312503, 0.43259643554687505]	6.373347344902868	1554731535.8344755
2881	75	con	p0s0	368	7595	emospace1	[0.512681884765625, 0.0]	0.9177759908125154	1554731553.3274763
2881	76	inc	p-s+	820	6821	emospace1	[-0.23734008789062497, -0.23221374511718748]	7.157549692590692	1554731570.8114762
2881	77	inc	p+s-	310	8470	emospace1	[-0.34038269042968766, 0.23234863281249996]	6.323272199315397	1554731588.2964764
2881	78	con	p-s-	260	3102	emospace1	[-0.6323608398437501, 0.5979754638671875]	1.7352642162040866	1554731605.7804763
2881	79	inc	p-s+	351	6250	emospace1	[-0.44176452636718777, -0.26586059570312487]	2.702940658251464	1554731623.2824774
2881	80	inc	p-s+	813	9423	emospace1	[-0.4851843261718751, 0.468140869140625]	2.6028464973933296	1554731640.7854784
2881	81	inc	p-s+	601	3195	emospace1	[-0.5381396484375, 0.34110839843750007]	1.9354705476434901	1554731658.2724788
2881	82	con	p0s0	152	9468	emospace1	[0.0, -0.25205810546875]	4.154399491166259	1554731675.7744796
2881	83	inc	p+s-	290	4697	emospace1	[-0.39032714843750005, -0.25252990722656254]	3.5871705308018136	1554731693.2564795
2881	84	inc	p+s-	502	8034	emospace1	[-0.1096893310546875, 0.2879711914062501]	5.539164702855487	1554731710.7554805
2881	85	inc	p-s+	610	3063	emospace1	[-0.6683001708984374, 0.6172015380859376]	1.6852427996345796	1554731728.2394805
2881	86	con	p-s-	711	3261	emospace1	[-0.6525091552734374, 0.6121972656250003]	1.318196157742932	1554731745.7414815
2881	87	inc	p-s+	360	6230	emospace1	[-0.7004736328125001, 0.45501220703124995]	1.351628814722062	1554731763.2244816
2881	88	con	p0s0	425	7560	emospace1	[0.69013916015625, 0.1540887451171875]	6.590231283917092	1554731780.7274826
2881	89	con	p-s-	288	9325	emospace1	[-0.6617468261718751, 0.5927404785156245]	6.323256290721474	1554731798.216483
2881	90	con	p+s+	716	4652	emospace1	[0.6664935302734377, 0.44502685546875]	3.2868490271612245	1554731815.7114837
2881	91	con	p0s0	724	6570	emospace1	[-0.21922058105468756, -0.1907879638671875]	3.73713002392833	1554731833.2124846
2881	92	con	p+s+	110	8380	emospace1	[0.6214172363281251, 0.18531127929687505]	5.9396668140434485	1554731850.7154858
2881	93	inc	p+s-	625	5470	emospace1	[-0.4512585449218751, 0.25891357421875]	5.021926542525762	1554731868.1994858
2881	94	inc	p+s-	709	8193	emospace1	[0.2579309082031251, 0.2634454345703125]	6.357021227166115	1554731885.7024868
2881	95	con	p0s0	705	2309	emospace1	[0, 0]	None	1554731903.1904874
2881	96	con	p+s+	366	7501	emospace1	[0.4585614013671873, 0.29987121582031256]	1.818711386018549	1554731920.687488
2881	97	inc	p+s-	291	5621	emospace1	[-0.19422729492187502, -0.1799951171875]	6.490134121439041	1554731938.171488
2881	98	con	p+s+	817	8470	emospace1	[0.6517303466796873, -0.26491455078125004]	3.4203314209989912	1554731955.672489
2881	99	con	p-s-	289	6263	emospace1	[-0.7167266845703126, -0.6488702392578126]	5.0554633557585476	1554731973.1624894
2881	100	inc	p+s-	501	4656	emospace1	[-0.584847412109375, -0.4657031250000001]	3.220119686644466	1554731990.65749
2881	101	con	p-s-	501	3195	emospace1	[-0.6006329345703125, 0.5925061035156252]	0.8176656212017406	1554732008.1464903
2881	102	con	p+s+	815	8370	emospace1	[0.7117254638671878, 0.42142272949218745]	1.7019050989438256	1554732025.644491
2881	103	inc	p-s+	815	9622	emospace1	[-0.23188232421875005, -0.227294921875]	5.3222528487640375	1554732043.1284912
2881	104	inc	p-s+	215	3101	emospace1	[-0.5778240966796875, -0.3812591552734375]	1.3348761666165956	1554732060.6294923
2881	105	con	p+s+	415	4490	emospace1	[-0.5718737792968754, 0.004376831054687525]	6.523487235455832	1554732078.1144924
2881	106	inc	p-s+	415	9325	emospace1	[-0.6873748779296875, 0.6733221435546879]	2.7863440043947776	1554732095.6204937
2881	107	inc	p+s-	711	8130	emospace1	[-0.2811206054687501, -0.17904296875]	7.291367667679879	1554732113.1164944
2881	108	inc	p+s-	255	9156	emospace1	[-0.6164093017578125, 0.5657879638671878]	1.034578075621539	1554732130.6014943
2881	109	con	p-s-	713	6510	emospace1	[-0.7123577880859372, 0.5370379638671878]	1.5018908712590928	1554732148.1014953
2881	110	inc	p-s+	216	3015	emospace1	[-0.9103326416015627, 0.9090698242187497]	3.203452284578816	1554732165.5894957
2881	111	inc	p+s-	422	4800	emospace1	[-0.18938598632812506, -0.1770220947265625]	6.990645447604038	1554732183.0884964
2881	112	inc	p-s+	352	6231	emospace1	[-0.4882977294921875, 0.2304718017578125]	4.0543077316069684	1554732200.5984979
2881	113	inc	p-s+	378	3120	emospace1	[-0.6681298828125001, 0.7382855224609378]	0.9844975271116709	1554732218.0904982
2881	114	con	p+s+	808	8341	emospace1	[0.6666516113281252, 0.5915747070312499]	1.1514464962529019	1554732235.5754986
2881	115	con	p0s0	373	9402	emospace1	[-0.03163757324218763, -0.03243225097656253]	7.657993182117934	1554732253.0774996
2881	116	inc	p+s-	624	4652	emospace1	[-0.37594299316406254, 0.27501708984375006]	3.5871402144293825	1554732270.5614996
2881	117	inc	p+s-	276	8341	emospace1	[-0.3976586914062501, -0.2501947021484375]	2.5528824117900513	1554732288.0635006
2881	118	con	p-s-	423	2683	emospace1	[-0.4240667724609376, 0.30642822265624997]	0.6675533455600089	1554732305.549501
2881	119	inc	p-s+	311	8230	emospace1	[-0.36313720703125, -0.20169067382812506]	4.888478067005053	1554732323.0495017
