3054	60	con	p0s0	382	7079	emospace1	[0.0, -0.6163281250000003]	8.850478695814672	1555662875.250698
3054	61	con	p-s-	713	6510	emospace1	[0, 0]	None	1555662892.7206972
3054	62	con	p-s-	420	3005	emospace1	[-0.20225402832031256, 0.1501690673828125]	2.583637896092114	1555662910.2036972
3054	63	con	p-s-	260	3102	emospace1	[-0.2882360839843749, 0.015581054687500054]	4.733588129496638	1555662927.6786966
3054	64	con	p-s-	291	1525	emospace1	[-0.5168798828125001, -0.007828369140625001]	1.9335456868147958	1555662945.1716971
3054	65	inc	p+s-	276	8341	emospace1	[0.0, -0.19221557617187504]	1.8669719097888446	1555662962.6396964
3054	66	con	p+s+	352	8186	emospace1	[0.31729492187499997, -0.25031188964843754]	4.950353468893809	1555662980.1236963
3054	67	inc	p-s+	200	3005	emospace1	[-0.018453369140624995, 0.2820513916015624]	3.8336538045932684	1555662997.5896952
3054	68	inc	p-s+	353	6370	emospace1	[0.0, 0.2128155517578125]	0.8002360461432545	1555663015.0756955
3054	69	inc	p-s+	815	9622	emospace1	[0.361419677734375, 0.374068603515625]	2.150362653801494	1555663032.552695
3054	70	con	p+s+	815	8370	emospace1	[0.3433209228515627, 0.2826654052734374]	1.333631292563041	1555663050.1987045
3054	71	inc	p-s+	210	3102	emospace1	[-0.30844116210937506, 0.05328735351562501]	1.4336480415131518	1555663067.673704
3054	72	con	p-s-	709	9163	emospace1	[-0.01781494140625, -0.15602783203124998]	3.5170004850588157	1555663085.1467032
3054	73	con	p-s-	255	3063	emospace1	[-0.44015258789062506, -0.2690386962890625]	1.850110999318531	1555663102.624703
3054	74	inc	p+s-	260	4490	emospace1	[-0.3215661621093751, 0.0]	1.8672318486997028	1555663120.1127033
3054	75	con	p0s0	130	7092	emospace1	[-0.0015429687500000035, -0.26740844726562496]	8.383635915032755	1555663137.5947032
3054	76	inc	p+s-	625	5470	emospace1	[0.02191589355468753, -0.39414367675781253]	7.017019095003889	1555663155.0617023
3054	77	con	p+s+	205	9156	emospace1	[0.2174554443359375, 0.20906494140625]	2.0502894746950915	1555663172.5277011
3054	78	inc	p+s-	312	8370	emospace1	[-0.256259765625, 0.1450048828125]	4.03444340655642	1555663189.9947002
3054	79	con	p+s+	716	4652	emospace1	[0.3565234375000001, 0.6165673828125]	4.36714630298502	1555663207.4737
3054	80	inc	p-s+	216	3015	emospace1	[-0.36066040039062497, 0.2860693359375001]	8.500176794479557	1555663224.9587
3054	81	inc	p+s-	291	5621	emospace1	[-0.3116802978515625, -0.387288818359375]	2.966977852965101	1555663242.4406998
3054	82	inc	p+s-	713	7501	emospace1	[0.0, -0.16729431152343757]	2.216987758258256	1555663259.9226997
3054	83	con	p+s+	200	4697	emospace1	[0.21237426757812497, 0.22328918457031255]	3.8503973523456807	1555663277.4157004
3054	84	inc	p+s-	289	8186	emospace1	[0, 0]	None	1555663294.8826995
3054	85	con	p+s+	360	4656	emospace1	[0.3950708007812501, 0.0982879638671875]	5.666990339637778	1555663312.3576992
3054	86	con	p-s-	134	8230	emospace1	[-0.1278155517578125, -0.215550537109375]	2.6336037978699096	1555663329.8306985
3054	87	inc	p-s+	367	9429	emospace1	[-0.26235351562500003, -0.4486126708984374]	3.83368712239826	1555663347.3126984
3054	88	con	p+s+	220	5623	emospace1	[0.3869732666015625, -0.03017883300781249]	4.950588194331431	1555663364.801699
3054	89	inc	p-s+	366	6263	emospace1	[-0.48235168457031224, -0.24031311035156247]	1.9167069882141732	1555663382.3036997
3054	90	inc	p+s-	295	5623	emospace1	[0.0, -0.46728454589843743]	2.7835417246969882	1555663399.7696989
3054	91	con	p+s+	353	4660	emospace1	[0.12317138671875, 0.11203369140625001]	0.800223739566718	1555663417.2346978
3054	92	con	p-s-	719	6821	emospace1	[-0.4526629638671875, 0.09985412597656253]	7.5336803988057	1555663434.7106972
3054	93	con	p-s-	711	3261	emospace1	[-0.5117193603515625, 0.34297546386718747]	0.9335868087900963	1555663452.1836967
3054	94	inc	p-s+	360	6230	emospace1	[-0.34531982421875, -0.39592895507812503]	3.81683791818341	1555663469.6666968
3054	95	inc	p+s-	290	4697	emospace1	[0, 0]	None	1555663487.1396961
3054	96	con	p0s0	132	7249	emospace1	[0, 0]	None	1555663504.619696
3054	97	con	p0s0	377	6010	emospace1	[-0.3320727539062498, -0.04609191894531252]	3.233579725004347	1555663522.1026957
3054	98	con	p+s+	202	4668	emospace1	[0.4045947265624999, 0.5276666259765627]	2.5835421449228306	1555663539.5786955
3054	99	con	p+s+	110	8380	emospace1	[0.4431622314453125, 0.01059265136718747]	2.3836587272235192	1555663557.055695
3054	100	inc	p-s+	352	6231	emospace1	[-0.1994207763671876, -0.14993896484375024]	3.533608060147344	1555663574.5286942
3054	101	con	p+s+	201	4800	emospace1	[0.3972882080078125, 0.42375366210937504]	1.200279329273144	1555663592.021695
3054	102	con	p+s+	415	4490	emospace1	[0.0041265869140625, 0.18141479492187504]	2.8168064013407275	1555663609.4866939
3054	103	inc	p-s+	601	3195	emospace1	[0.024444580078125, 0.31672119140625005]	4.666905094082722	1555663626.9626935
3054	104	con	p-s-	289	6263	emospace1	[-0.38938232421874996, -0.13079040527343752]	6.166909296328413	1555663644.4436934
3054	105	con	p+s+	355	8178	emospace1	[0.0, 0.09579040527343753]	3.433643839267461	1555663661.9356937
3054	106	inc	p-s+	820	6821	emospace1	[0.16793212890625003, 0.12953186035156253]	2.2002024882103797	1555663679.4066932
3054	107	inc	p+s-	703	4611	emospace1	[0.3671289062500001, 0.1288653564453125]	8.966548323423922	1555663696.8906932
3054	108	inc	p+s-	624	4652	emospace1	[0.353480224609375, 0.2336029052734375]	1.4168870844578123	1555663714.3556921
3054	109	con	p+s+	366	7501	emospace1	[0.07314941406250001, -0.4194757080078126]	8.683646840871916	1555663731.8256912
3054	110	inc	p+s-	106	7405	emospace1	[-0.3104803466796875, -0.008403930664062495]	3.2335635163435654	1555663749.3126915
3054	111	inc	p-s+	808	3010	emospace1	[-0.4000091552734375, -0.02514587402343749]	7.450395191190182	1555663766.7736902
3054	112	inc	p+s-	420	8178	emospace1	[0.0, -0.11332885742187501]	4.033590951004953	1555663784.2426894
3054	113	inc	p+s-	501	4656	emospace1	[0.04634521484375002, 0.071884765625]	3.616867453967643	1555663801.707688
3054	114	con	p0s0	104	2810	emospace1	[0.0, 0.086883544921875]	1.7001772747353243	1555663819.1926885
3054	115	con	p-s-	277	3053	emospace1	[-0.5882995605468753, 0.2879797363281249]	7.767036504307725	1555663836.669688
3054	116	inc	p+s-	423	5270	emospace1	[-0.25892822265625015, -0.1871356201171875]	5.266859409668541	1555663854.1726892
3054	117	con	p0s0	705	2309	emospace1	[-0.3535449218750002, -0.092852783203125]	5.717809297288113	1555663871.66869
3054	118	inc	p+s-	422	4800	emospace1	[0.31935302734374993, 0.18953552246093752]	1.4170200555172414	1555663889.1446893
3054	119	inc	p+s-	719	5215	emospace1	[0.005145874023437499, 0.05401367187500004]	5.567014712662967	1555663906.63869
