3172	0	con	p-s-	420	3005	emospace1	[-0.4564263916015624, 0.719242553710938]	8.659019402910417	1554886836.2735445
3172	1	con	p0s0	104	2810	emospace1	[-0.27761352539062495, 0.6280322265625]	5.18873279260697	1554886853.8075473
3172	2	con	p0s0	361	7632	emospace1	[0.3672930908203125, -0.2785626220703125]	6.573726678358071	1554886871.3315496
3172	3	inc	p+s-	293	2300	emospace1	[-0.16392272949218759, 0.23401062011718746]	5.172036720312462	1554886888.82255
3172	4	inc	p-s+	610	3063	emospace1	[0.30222167968749974, 0.17298400878906253]	8.825813837473106	1554886906.3105505
3172	5	con	p+s+	110	8380	emospace1	[0.6355389404296871, 0.4469042968750001]	6.156411917292644	1554886923.7965505
3172	6	inc	p-s+	601	3195	emospace1	[0.14286132812499996, 0.17752075195312503]	5.272145017861476	1554886941.2835507
3172	7	inc	p-s+	204	3053	emospace1	[-0.5419433593749998, 0.37423278808593763]	7.657914215615165	1554886958.7925522
3172	8	con	p+s+	202	4668	emospace1	[0.6538073730468752, 0.5412921142578129]	7.390981167391146	1554886976.290553
3172	9	inc	p-s+	815	9622	emospace1	[0.9409326171875001, 0.3740795898437501]	3.970836202357532	1554886993.7845535
3172	10	con	p0s0	225	4279	emospace1	[0.8624981689453117, -0.10079650878906259]	8.892388915470292	1554887011.2685537
3172	11	inc	p+s-	502	8034	emospace1	[0.8450482177734366, -0.6407604980468754]	6.273154154117947	1554887028.7535536
3172	12	con	p-s-	241	3010	emospace1	[-0.6399127197265622, 0.1343414306640626]	6.489604575870544	1554887046.2545545
3172	13	con	p0s0	425	7560	emospace1	[0.38890197753906264, -0.5249261474609387]	6.72364314396691	1554887063.7555556
3172	14	inc	p+s-	624	4652	emospace1	[0.7466326904296878, 0.4086248779296873]	6.08961952381469	1554887081.2385557
3172	15	inc	p+s-	255	9156	emospace1	[-0.7600091552734376, 0.6189208984374999]	4.271013116369431	1554887098.7415566
3172	16	con	p-s-	625	6250	emospace1	[-0.5705725097656253, 0.5399334716796867]	7.707955907768337	1554887116.2415578
3172	17	inc	p-s+	205	9253	emospace1	[-0.8847833251953124, 0.8131860351562499]	7.124040315024104	1554887133.7285578
3172	18	inc	p-s+	352	6231	emospace1	[-0.8236083984374998, 0.7808074951171877]	1.4683893020755932	1554887151.2195585
3172	19	con	p0s0	705	2309	emospace1	[-0.42699462890624984, 0.1617352294921875]	6.139725450104379	1554887168.7175593
3172	20	inc	p-s+	360	6230	emospace1	[-0.5330163574218758, 0.2603192138671875]	2.9030814975067187	1554887186.195559
3172	21	con	p0s0	132	7249	emospace1	[0.15950317382812543, -0.6396612548828131]	8.058389127982082	1554887203.7015603
3172	22	con	p+s+	815	8370	emospace1	[0.9127453613281251, 0.7245959472656249]	4.821671336147119	1554887221.1835601
3172	23	inc	p+s-	703	4611	emospace1	[0.8988513183593774, 0.11403076171875003]	7.1740706011169095	1554887238.6845613
3172	24	con	p0s0	152	9468	emospace1	[-0.0026037597656249243, -0.6787774658203126]	8.809079344764541	1554887256.1725614
3172	25	inc	p+s-	134	4660	emospace1	[0.9984808349609378, 0.7504260253906243]	7.524415274277999	1554887273.669562
3172	26	inc	p+s-	288	4668	emospace1	[0.7007830810546872, 0.22686889648437442]	8.558832163411353	1554887291.1625626
3172	27	con	p0s0	382	7079	emospace1	[-0.6219171142578129, 0.18204956054687504]	4.6715699722826685	1554887308.6605635
3172	28	con	p-s-	501	3195	emospace1	[-0.6227081298828125, 0.516705322265625]	6.0563828618523985	1554887326.1445634
3172	29	con	p-s-	711	3261	emospace1	[-0.9021270751953121, 0.8988372802734376]	6.406632984768294	1554887343.6415644
3172	30	inc	p-s+	351	6250	emospace1	[-0.6544189453125003, 0.6345965576171879]	2.9033975654656388	1554887361.1255643
3172	31	inc	p-s+	365	6510	emospace1	[-0.7678851318359377, 0.3214471435546874]	4.488370920307716	1554887378.6265655
3172	32	con	p+s+	817	8470	emospace1	[0.9793353271484377, 0.31158996582031245]	6.640200002280835	1554887396.1285663
3172	33	inc	p+s-	260	4490	emospace1	[-0.757993774414062, 0.2845184326171878]	8.642160944325951	1554887413.6295671
3172	34	inc	p-s+	817	1525	emospace1	[-0.7439404296874997, 0.6355297851562502]	1.668571678990702	1554887431.1645703
3172	35	inc	p+s-	719	5215	emospace1	[-1.0, 1.0]	8.024852006356014	1554887448.7425756
3172	36	con	p-s-	277	3053	emospace1	[-1.0, 0.6364508056640622]	8.8760812495766	1554887466.3635836
3172	37	inc	p-s+	355	3150	emospace1	[-0.9025396728515627, 0.5671685791015624]	4.788251877047514	1554887483.9345887
3172	38	con	p+s+	353	4660	emospace1	[0.7055322265625005, 0.16721984863281253]	7.9748535371709295	1554887501.5535965
3172	39	con	p0s0	368	7595	emospace1	[0.755535278320312, -0.7755541992187506]	8.725626898134578	1554887519.1056004
3172	40	con	p+s+	205	9156	emospace1	[0.7349078369140621, 0.3022021484374999]	3.487020502694577	1554887536.5906003
3172	41	inc	p-s+	311	8230	emospace1	[-0.3690661621093752, -0.5317138671875]	8.74246884794593	1554887554.0726004
3172	42	inc	p+s-	312	8370	emospace1	[-0.6950683593749993, 0.315159912109375]	2.486308524348715	1554887571.5746012
3172	43	inc	p-s+	367	9429	emospace1	[-0.1742352294921875, -0.2944311523437501]	8.725612790638479	1554887589.0586011
3172	44	con	p+s+	352	8186	emospace1	[0.11587036132812499, -0.54283447265625]	8.108290345489877	1554887606.5616024
3172	45	inc	p+s-	420	8178	emospace1	[-0.28531860351562494, 0.09494628906250002]	6.490030802367983	1554887624.0446024
3172	46	con	p-s-	291	1525	emospace1	[-0.5945910644531247, 0.2728399658203128]	2.6194514765156782	1554887641.5456033
3172	47	inc	p+s-	241	8001	emospace1	[-0.7239691162109377, 0.11949462890625005]	4.654908418333434	1554887659.0566049
3172	48	con	p-s-	502	6231	emospace1	[-0.7545324707031247, 0.31125854492187516]	1.1347794217854243	1554887676.5586061
3172	49	inc	p-s+	820	6821	emospace1	[0.8942523193359374, -0.2962133789062499]	3.119983959475576	1554887694.0496063
3172	50	inc	p-s+	200	3005	emospace1	[-0.5645214843750003, 0.25832275390625]	8.058337200387541	1554887711.5346067
3172	51	con	p-s-	255	3063	emospace1	[-0.8226861572265626, 0.2759692382812501]	1.318187684935765	1554887729.0186067
3172	52	con	p+s+	355	8178	emospace1	[0.10619262695312502, -0.9307769775390615]	6.039877991164758	1554887746.5026066
3172	53	inc	p-s+	378	3120	emospace1	[-0.6397186279296874, 0.19251281738281256]	3.2702420066016202	1554887764.0046077
3172	54	con	p0s0	358	2115	emospace1	[-0.10641357421875, -0.8990185546875008]	6.156467446800889	1554887781.5016084
3172	55	con	p0s0	723	9926	emospace1	[-0.4826354980468746, 0.1302923583984376]	8.475422939751297	1554887798.9896088
3172	56	inc	p+s-	709	8193	emospace1	[-0.0725042724609375, -0.8042492675781259]	7.824730861979333	1554887816.476609
3172	57	inc	p+s-	295	5623	emospace1	[-0.5636523437499998, -0.058901977539062185]	8.241755068644125	1554887833.9776099
3172	58	con	p-s-	134	8230	emospace1	[-0.6155218505859384, -0.06634765625000001]	2.7696699025855196	1554887851.4596097
3172	59	con	p0s0	120	1945	emospace1	[-0.10593994140625007, -0.3133282470703126]	7.741269710724737	1554887868.964611
