3327	60	con	p+s+	200	4697	emospace1	[0.5552862548828125, 0.5825299072265622]	2.3024650299157656	1554906485.0241525
3327	61	inc	p+s-	293	2300	emospace1	[0.006111450195312496, -0.7925390625000006]	4.871761053822411	1554906502.519153
3327	62	inc	p-s+	378	3120	emospace1	[-0.6870318603515619, -0.8532385253906252]	4.855133718057914	1554906520.0081537
3327	63	inc	p+s-	424	4651	emospace1	[0.013900146484374933, 0.01251037597656247]	6.773674330539507	1554906537.4911535
3327	64	con	p-s-	134	8230	emospace1	[0.3745306396484374, -0.20143005371093772]	8.47548177101271	1554906554.9751534
3327	65	con	p+s+	366	7501	emospace1	[0.3938372802734374, 0.17148681640625013]	1.501644874086196	1554906572.4631538
3327	66	con	p0s0	705	2309	emospace1	[-0.7867297363281252, 0.0]	1.334966601254564	1554906589.984156
3327	67	con	p0s0	377	6010	emospace1	[0, 0]	None	1554906607.4811566
3327	68	con	p-s-	106	6213	emospace1	[-0.29619201660156214, -0.23015258789062507]	2.9030944043661293	1554906624.9631565
3327	69	con	p0s0	322	9635	emospace1	[-0.3772766113281253, -0.43763916015624993]	4.604839411666035	1554906642.4671578
3327	70	inc	p+s-	255	9156	emospace1	[0, 0]	None	1554906659.952158
3327	71	con	p-s-	624	9902	emospace1	[-0.6254754638671878, -0.3801489257812501]	2.335885689655697	1554906677.4541588
3327	72	inc	p-s+	351	6250	emospace1	[-0.5473455810546876, 0.0]	0.5508599269633123	1554906694.9371588
3327	73	con	p-s-	719	6821	emospace1	[0.47586608886718706, -0.29363281249999995]	2.869840633313288	1554906712.4891627
3327	74	con	p0s0	720	7046	emospace1	[-0.6571899414062498, -0.6435614013671879]	7.80810022445803	1554906730.0381665
3327	75	inc	p-s+	366	6263	emospace1	[-0.3825354003906251, -0.005747680664062471]	7.190770875644375	1554906747.563169
3327	76	inc	p+s-	288	4668	emospace1	[0.5818920898437501, 0.22859619140625004]	1.4182653662173834	1554906765.1491747
3327	77	con	p-s-	241	3010	emospace1	[-0.8529901123046882, 0.2849157714843752]	5.6392103763937484	1554906782.6421754
3327	78	inc	p+s-	703	4611	emospace1	[0.7159405517578125, 0.23488769531249998]	3.9875244705071964	1554906800.1281755
3327	79	con	p0s0	361	7632	emospace1	[0, 0]	None	1554906817.6341767
3327	80	con	p-s-	625	6250	emospace1	[-0.40488769531250035, -0.30491149902343756]	5.105360788722464	1554906835.1131766
3327	81	con	p0s0	723	9926	emospace1	[-0.4755187988281251, -0.7783886718749999]	4.054258933196252	1554906852.6481795
3327	82	con	p-s-	709	9163	emospace1	[-0.5063708496093753, -0.2669763183593751]	2.035556894934416	1554906870.2041836
3327	83	con	p-s-	288	9325	emospace1	[-0.7016265869140621, 0.4986444091796878]	2.1523633658907784	1554906887.7551875
3327	84	inc	p+s-	295	5623	emospace1	[-0.025964355468750002, -0.008253173828125]	8.959213426012866	1554906905.2711892
3327	85	con	p+s+	205	9156	emospace1	[0.3817840576171876, 0.47739074707031287]	3.486992888021632	1554906922.8541949
3327	86	con	p+s+	716	4652	emospace1	[0.6266491699218746, 0.5738586425781254]	3.5537660712871	1554906940.3531957
3327	87	inc	p-s+	365	6510	emospace1	[-0.5626733398437501, -0.4413018798828124]	2.9531658123123634	1554906957.9542027
3327	88	inc	p+s-	719	5215	emospace1	[-0.4800079345703124, 0.38027282714843774]	5.47233880083877	1554906975.4682043
3327	89	inc	p-s+	601	3195	emospace1	[-0.7928143310546876, 0.39707275390625013]	1.8019910780603823	1554906993.013208
3327	90	con	p+s+	365	8193	emospace1	[0.3949877929687498, -0.3280236816406248]	3.2534639907644305	1554907010.5762124
3327	91	con	p+s+	352	8186	emospace1	[0.5061907958984374, 0.3032604980468742]	2.068931330108171	1554907028.0952146
3327	92	inc	p+s-	711	8130	emospace1	[0.5326049804687498, -0.525911865234375]	2.0522193493598024	1554907045.6782203
3327	93	inc	p+s-	709	8193	emospace1	[-0.43304382324218754, -0.376522216796875]	2.5861343718061107	1554907063.1812215
3327	94	inc	p+s-	501	4656	emospace1	[0.017772827148437004, -0.3864874267578125]	6.757019980417681	1554907080.7642272
3327	95	inc	p+s-	420	8178	emospace1	[0.2869451904296876, -0.8346856689453125]	8.859073611718486	1554907098.266228
3327	96	inc	p-s+	815	9622	emospace1	[0.5314123535156249, 0.32156433105468746]	1.2514748337234778	1554907115.8672347
3327	97	con	p-s-	260	3102	emospace1	[-0.7760937500000005, -0.4795098876953125]	1.6184468426545209	1554907133.370236
3327	98	inc	p-s+	110	6213	emospace1	[0.4622662353515623, -0.5422064208984376]	4.588131633150624	1554907150.9692426
3327	99	inc	p-s+	360	6230	emospace1	[-0.5220336914062503, -0.6266461181640623]	1.1179587832994002	1554907168.4542425
3327	100	con	p0s0	358	2115	emospace1	[-0.7578887939453129, 0.34328430175781255]	4.4213738180478686	1554907186.0512488
3327	101	inc	p-s+	808	3010	emospace1	[-0.7706262207031251, 0.37528625488281286]	1.3678004491594038	1554907203.5592504
3327	102	inc	p+s-	283	4659	emospace1	[-0.7105187988281257, 0.2978839111328128]	5.505749855474278	1554907221.1592572
3327	103	inc	p+s-	310	8470	emospace1	[0.29009399414062503, -0.9115631103515622]	2.1523426548847056	1554907238.6432571
3327	104	con	p-s-	291	1525	emospace1	[-0.2495318603515631, -0.9171929931640622]	6.85707875164735	1554907256.211262
3327	105	inc	p+s-	260	4490	emospace1	[-0.7235974121093751, 0.0]	1.117975292072515	1554907273.762266
3327	106	con	p+s+	201	4800	emospace1	[0.6529925537109368, 0.41302246093750017]	3.5204642747121397	1554907291.3142698
3327	107	inc	p-s+	215	3101	emospace1	[-0.7412664794921878, 0.35099487304687504]	1.9688500469128485	1554907308.8142707
3327	108	con	p0s0	728	2525	emospace1	[-0.8456268310546875, -0.934056396484375]	3.0532816138475027	1554907326.422278
3327	109	con	p0s0	368	7595	emospace1	[1.0, -0.3647271728515629]	3.170125004427973	1554907343.9192786
3327	110	inc	p-s+	220	2683	emospace1	[-0.01721130371093743, 0.03954833984374997]	5.021988184518705	1554907361.5042844
3327	111	inc	p+s-	290	4697	emospace1	[0.7555328369140627, 0.2801605224609375]	3.187209483119659	1554907379.0232863
3327	112	inc	p-s+	817	1525	emospace1	[1.0, -0.2237670898437491]	7.140682658766309	1554907396.5872908
3327	113	inc	p-s+	216	3015	emospace1	[-0.9087658691406245, 0.9947027587890622]	1.3526357906594058	1554907414.108293
3327	114	con	p+s+	817	8470	emospace1	[-0.31039672851562516, -0.4527404785156251]	1.735301038970647	1554907431.6752977
3327	115	con	p0s0	225	4279	emospace1	[0.615694580078125, -0.19174011230468754]	1.1847232619438728	1554907449.2243018
3327	116	inc	p-s+	205	9253	emospace1	[-0.7884960937500006, 0.8825500488281249]	3.4036217846150976	1554907466.729303
3327	117	con	p+s+	220	5623	emospace1	[0.7801428222656254, 0.227828369140625]	1.23502669318259	1554907484.212303
3327	118	inc	p+s-	625	5470	emospace1	[-0.4312506103515626, 0.3549890136718752]	0.8677028973179404	1554907501.7633069
3327	119	con	p+s+	353	4660	emospace1	[0.7555340576171877, 0.4455444335937499]	2.335877285189781	1554907519.2633078
