3377	60	inc	p-s+	365	6510	emospace1	[-0.9787634277343757, 1.0]	2.9333404771059577	1555508530.0829194
3377	61	con	p-s-	255	3063	emospace1	[-0.6151062011718748, 1.0]	3.8826689022462233	1555508547.5469193
3377	62	con	p0s0	322	9635	emospace1	[0.0029772949218750035, -0.43332153320312505]	4.483626048000588	1555508565.013919
3377	63	con	p-s-	134	8230	emospace1	[-0.8532995605468745, 0.0]	1.7502014064230025	1555508582.4959195
3377	64	inc	p-s+	210	3102	emospace1	[-1.0, -0.6403039550781253]	3.2668707144875953	1555508599.9619193
3377	65	inc	p+s-	241	8001	emospace1	[0, 0]	None	1555508617.4529192
3377	66	con	p+s+	355	8178	emospace1	[0.0, 0.9679711914062505]	1.7834986006600957	1555508634.9309194
3377	67	con	p0s0	130	7092	emospace1	[0.8307659912109375, -0.8420404052734374]	2.6501255263247003	1555508652.4019191
3377	68	inc	p+s-	260	4490	emospace1	[-0.8428155517578126, 0.0]	1.700194082553935	1555508669.8789194
3377	69	con	p0s0	382	7079	emospace1	[0, 0]	None	1555508687.3489194
3377	70	con	p0s0	225	4279	emospace1	[0.6566473388671873, -0.6785577392578126]	2.0336075582345075	1555508704.8239193
3377	71	inc	p-s+	204	3053	emospace1	[-0.6798413085937505, 0.6709399414062504]	1.5343204349155712	1555508722.3029194
3377	72	inc	p-s+	601	3195	emospace1	[-0.8470983886718731, 0.0]	2.116977210760524	1555508739.7809193
3377	73	inc	p-s+	367	9429	emospace1	[-0.6561492919921874, -0.6785528564453118]	2.650353947024996	1555508757.2579193
3377	74	con	p0s0	728	2525	emospace1	[0, 0]	None	1555508774.7339191
3377	75	inc	p+s-	625	5470	emospace1	[0.6271319580078122, 0.6589172363281254]	1.316974989586015	1555508792.2109194
3377	76	con	p0s0	104	2810	emospace1	[-0.6252056884765629, 0.6794714355468753]	2.0500925689120777	1555508809.6729193
3377	77	con	p0s0	368	7595	emospace1	[0, 0]	None	1555508827.1379192
3377	78	inc	p-s+	355	3150	emospace1	[-0.6743774414062494, 0.620626831054687]	0.8834949387273809	1555508844.6079195
3377	79	con	p+s+	200	4697	emospace1	[0.5345904541015626, 0.6476611328124998]	2.7334852736166795	1555508862.0769193
3377	80	con	p0s0	170	1112	emospace1	[-0.6157818603515627, 0.6720330810546876]	0.7503121649497189	1555508879.5559194
3377	81	inc	p+s-	283	4659	emospace1	[0, 0]	None	1555508897.0369194
3377	82	con	p+s+	716	4652	emospace1	[0.6499761962890629, -0.7060235595703119]	1.850440872956824	1555508914.5039194
3377	83	con	p-s-	502	6231	emospace1	[-0.8637719726562487, -0.026032104492187503]	3.7834607806762506	1555508932.1609192
3377	84	con	p+s+	220	5623	emospace1	[0.6577947998046875, 0.6620501708984377]	1.6836109200121427	1555508949.6399193
3377	85	con	p-s-	260	3102	emospace1	[-0.8809417724609369, 0.0]	1.5002284206966578	1555508967.1009192
3377	86	inc	p-s+	716	9184	emospace1	[-0.6776007080078129, 0.6627990722656255]	4.7835472263541305	1555508984.5739193
3377	87	inc	p+s-	288	4668	emospace1	[0.719981079101563, 0.5354760742187499]	0.800294575652515	1555509002.0599194
3377	88	con	p+s+	205	9156	emospace1	[0, 0]	None	1555509019.5519195
3377	89	con	p0s0	361	7632	emospace1	[0.6815649414062501, 0.622818603515625]	1.1843784255579521	1555509037.0219193
3377	90	inc	p+s-	709	8193	emospace1	[0, 0]	None	1555509054.5009193
3377	91	con	p+s+	367	5470	emospace1	[0.5925280761718751, 0.6112530517578126]	1.5670131097285775	1555509071.9659193
3377	92	inc	p-s+	378	3120	emospace1	[-0.6814074707031254, -0.6823510742187503]	1.0669428726141632	1555509089.4309194
3377	93	inc	p+s-	624	4652	emospace1	[0.5980828857421877, -0.7338513183593747]	2.7503481839812594	1555509106.8959193
3377	94	con	p+s+	817	8470	emospace1	[0.6527648925781249, 0.6371923828125]	2.183650841103372	1555509124.3789194
3377	95	con	p0s0	425	7560	emospace1	[0.0, -0.8767962646484373]	5.883449014458165	1555509141.8449192
3377	96	inc	p+s-	290	4697	emospace1	[-0.5952075195312498, -0.6253771972656248]	1.7671159440651536	1555509159.3169193
3377	97	inc	p-s+	808	3010	emospace1	[-0.8887506103515632, 0.0]	0.7501113588405133	1555509176.7939193
3377	98	con	p-s-	624	9902	emospace1	[-0.65048828125, 0.6497619628906248]	1.933604916837794	1555509194.2629194
3377	99	con	p0s0	152	9468	emospace1	[0, 0]	None	1555509211.7329192
3377	100	con	p0s0	705	2309	emospace1	[0.6250958251953129, -0.6311059570312497]	5.400050486678083	1555509229.2149193
3377	101	con	p-s-	719	6821	emospace1	[-0.6474322509765618, 0.6534387207031251]	2.517110841366957	1555509246.6909194
3377	102	con	p-s-	277	3053	emospace1	[-0.6385943603515621, 0.5975006103515619]	0.7836471791706572	1555509264.1709194
3377	103	inc	p+s-	276	8341	emospace1	[-0.8194177246093756, 0.0]	3.0836545030397247	1555509281.6439195
3377	104	con	p0s0	720	7046	emospace1	[0.0, -0.8993566894531256]	3.7668370967221563	1555509299.1079195
3377	105	con	p+s+	352	8186	emospace1	[0.8846557617187499, -0.009827880859375018]	3.933610319694708	1555509316.5729194
3377	106	inc	p-s+	610	3063	emospace1	[-0.8551586914062502, 0.0]	1.300220436478412	1555509334.0389194
3377	107	inc	p-s+	351	6250	emospace1	[-0.640538330078126, -0.6377667236328121]	2.400233883585315	1555509351.5069194
3377	108	inc	p+s-	719	5215	emospace1	[-0.6500061035156247, 0.6490191650390624]	2.117176215913787	1555509368.9829195
3377	109	inc	p-s+	109	3261	emospace1	[-0.8794866943359378, 0.0]	6.967201069044677	1555509386.4719193
3377	110	con	p-s-	289	6263	emospace1	[-0.6466876220703119, 0.6637512207031248]	4.583722639043117	1555509403.9439194
3377	111	con	p0s0	377	6010	emospace1	[-0.6372338867187498, -0.6884960937499996]	3.616970307110023	1555509421.4199193
3377	112	con	p+s+	201	4800	emospace1	[0.8417211914062501, 0.0]	0.9000657947653963	1555509438.8859193
3377	113	con	p-s-	288	9325	emospace1	[0.6480541992187501, -0.6477581787109372]	8.36692618379675	1555509456.3569193
3377	114	con	p0s0	373	9402	emospace1	[0.0, -0.8748937988281253]	3.083685719535424	1555509473.8369193
3377	115	inc	p-s+	216	3015	emospace1	[-0.6578680419921873, 0.6458361816406256]	6.9502637193472765	1555509491.3039193
3377	116	con	p0s0	132	7249	emospace1	[0, 0]	None	1555509508.7889192
3377	117	inc	p+s-	255	9156	emospace1	[-0.6340820312500002, -0.6910919189453129]	1.3168516244004422	1555509526.2679193
3377	118	con	p+s+	202	4668	emospace1	[0.6748992919921871, 0.6475018310546873]	1.1002454697045323	1555509543.7419193
3377	119	inc	p-s+	817	1525	emospace1	[-0.6592889404296879, 0.6369824218750001]	3.750693066216627	1555509561.2129192
