3567	60	con	p-s-	502	6231	emospace1	[0.3928485107421877, -0.6968066406250002]	1.0679347915829567	1554725835.8496788
3567	61	con	p0s0	724	6570	emospace1	[-0.21717041015625002, 0.36648925781250025]	5.672843102562183	1554725853.3916824
3567	62	con	p+s+	201	4800	emospace1	[1.0, 1.0]	1.7019273109435744	1554725870.9096842
3567	63	con	p0s0	720	7046	emospace1	[0.35455261230468765, -0.24633972167968757]	2.1190325895040587	1554725888.3926842
3567	64	con	p-s-	423	2683	emospace1	[0.3028662109375, 0.8174041748046874]	7.0574324192530185	1554725905.8796844
3567	65	inc	p-s+	378	3120	emospace1	[-0.7074670410156245, 0.5538415527343753]	2.2691442648174416	1554725923.3636844
3567	66	inc	p+s-	709	8193	emospace1	[-0.28119873046874994, 1.0]	3.570502828577446	1554725940.8656855
3567	67	con	p0s0	368	7595	emospace1	[0.0013208007812499766, -1.0]	1.5684446169398143	1554725958.3506854
3567	68	inc	p+s-	713	7501	emospace1	[1.0, 1.0]	1.9020961221176549	1554725975.8506866
3567	69	inc	p-s+	360	6230	emospace1	[0.30221496582031254, -0.5645837402343753]	0.5841031741219922	1554725993.3336866
3567	70	con	p+s+	817	8470	emospace1	[0.4647485351562501, 0.9142205810546887]	1.2682987081316242	1554726010.8366876
3567	71	inc	p+s-	501	4656	emospace1	[0.34205566406250004, 1.0]	0.901096882425918	1554726028.3206875
3567	72	con	p-s-	709	9163	emospace1	[-0.36965942382812517, 0.1807666015625002]	3.4870601611946768	1554726045.8256888
3567	73	con	p-s-	291	1525	emospace1	[-0.1384283447265622, -0.7132458496093756]	3.0199292637953477	1554726063.3056886
3567	74	con	p-s-	106	6213	emospace1	[-0.5897137451171874, 0.6764074707031248]	1.8688525672696414	1554726080.8076897
3567	75	con	p0s0	152	9468	emospace1	[1.0, 0.3617639160156248]	1.7185737016552594	1554726098.29669
3567	76	con	p-s-	283	9184	emospace1	[-0.85615234375, 0.22963439941406258]	3.737307719900855	1554726115.799691
3567	77	con	p+s+	813	8034	emospace1	[1.0, 0.6079833984375004]	3.35357056346038	1554726133.2956917
3567	78	inc	p-s+	353	6370	emospace1	[0, 0]	None	1554726150.797693
3567	79	con	p+s+	415	4490	emospace1	[-0.20078918457031256, -0.3212603759765626]	2.5861523808998754	1554726168.2826931
3567	80	con	p0s0	728	2525	emospace1	[0.578583374023438, -5.8593750000233806e-05]	4.8718253728839045	1554726185.787694
3567	81	inc	p-s+	109	3261	emospace1	[-1.0, 0.39290832519531277]	4.187736996751482	1554726203.268694
3567	82	inc	p+s-	276	8341	emospace1	[-0.6372070312500003, 0.9781268310546876]	1.55175050044636	1554726220.768695
3567	83	con	p0s0	104	2810	emospace1	[-0.23239318847656232, -0.28377075195312534]	3.3205413243704243	1554726238.252695
3567	84	con	p+s+	716	4652	emospace1	[1.0, 1.0]	1.384954013665265	1554726255.755696
3567	85	inc	p-s+	813	9423	emospace1	[-0.6070343017578124, 0.5914099121093751]	6.5902324845628755	1554726273.2406964
3567	86	con	p-s-	719	6821	emospace1	[-0.6323474121093751, 0.5506323242187502]	1.6184843433948117	1554726290.7396972
3567	87	con	p0s0	377	6010	emospace1	[0.03232116699218751, -0.6124987792968752]	4.805085826854338	1554726308.2256973
3567	88	inc	p-s+	716	9184	emospace1	[0.007714233398437512, -0.7988928222656255]	3.7041836295793473	1554726325.7326987
3567	89	con	p-s-	625	6250	emospace1	[-0.5774615478515625, 0.32031921386718765]	2.5531747696913953	1554726343.2276993
3567	90	inc	p-s+	415	9325	emospace1	[-1.0, 1.0]	2.8697776669177983	1554726360.7146995
3567	91	inc	p+s-	106	7405	emospace1	[-0.09911499023437503, -0.24731933593750002]	6.356735772991669	1554726378.2167003
3567	92	con	p0s0	723	9926	emospace1	[-0.7868762207031248, 0.2547094726562499]	1.001203049767355	1554726395.6967003
3567	93	inc	p-s+	220	2683	emospace1	[0.3197082519531251, 0.2413531494140626]	2.3526730787307315	1554726413.1997015
3567	94	inc	p+s-	241	8001	emospace1	[0.3249603271484378, -0.24187011718749996]	5.372410839092481	1554726430.6907017
3567	95	inc	p-s+	367	9429	emospace1	[-0.1469592285156249, -0.5421771240234374]	6.540166343842429	1554726448.1847024
3567	96	inc	p-s+	808	3010	emospace1	[-0.6615185546875002, 0.6711761474609381]	4.521737290309829	1554726465.6707027
3567	97	inc	p+s-	290	4697	emospace1	[0.32859680175781214, 0.596187744140625]	5.405653493453428	1554726483.1747038
3567	98	inc	p+s-	422	4800	emospace1	[0.3613385009765625, 0.6579479980468748]	1.9186077400408976	1554726500.6557035
3567	99	con	p0s0	358	2115	emospace1	[0.0, -0.9098144531250002]	1.0509303074577474	1554726518.1677053
3567	100	inc	p-s+	110	6213	emospace1	[1.0, 0.4335418701171877]	1.1013278271602758	1554726535.6557057
3567	101	inc	p+s-	295	5623	emospace1	[-0.6212371826171874, 0.14265380859375]	4.25460591265437	1554726553.1597066
3567	102	inc	p+s-	699	8380	emospace1	[0.7229620361328126, 0.3001501464843749]	2.202414023813617	1554726570.6447067
3567	103	inc	p+s-	289	8186	emospace1	[-0.28297119140625004, -0.4734820556640624]	4.504774228560564	1554726588.1447077
3567	104	con	p0s0	705	2309	emospace1	[0.8669641113281251, 0.3568890380859374]	4.938905903080013	1554726605.6347082
3567	105	con	p+s+	352	8186	emospace1	[0.0013568115234377821, 0.008806762695312527]	6.356727368449356	1554726623.1297088
3567	106	con	p0s0	132	7249	emospace1	[0.001824340820312501, 0.32501037597656274]	3.2868361201908556	1554726640.6177092
3567	107	inc	p-s+	365	6510	emospace1	[0.0, 0.2431292724609375]	2.3526601717603626	1554726658.1147099
3567	108	con	p+s+	360	4656	emospace1	[0.5131298828124999, -0.5730645751953133]	4.32126231377697	1554726675.5997097
3567	109	con	p0s0	120	1945	emospace1	[0.47934814453125013, -0.4839520263671875]	0.9177690870856168	1554726693.103711
3567	110	inc	p+s-	703	4611	emospace1	[0.6165454101562504, 0.6212725830078127]	3.870781108875235	1554726710.5857108
3567	111	inc	p-s+	352	6231	emospace1	[0, 0]	None	1554726728.0957124
3567	112	inc	p+s-	291	5621	emospace1	[0.33564697265625, -0.24943847656250004]	3.0032489547593286	1554726745.590713
3567	113	inc	p-s+	355	3150	emospace1	[-0.8496887207031245, 0.7959381103515624]	0.9344878168703872	1554726763.074713
3567	114	con	p-s-	420	3005	emospace1	[-0.5957904052734375, 0.6343792724609374]	1.1346989509038394	1554726780.5567129
3567	115	con	p-s-	501	3195	emospace1	[-0.4404693603515625, 0.353126220703125]	1.0680440505893785	1554726798.0627143
3567	116	inc	p-s+	205	9253	emospace1	[-1.0, 1.0]	3.620478020176961	1554726815.5457141
3567	117	con	p0s0	382	7079	emospace1	[0.005381469726562523, -0.9052130126953126]	6.873840961503447	1554726833.1017184
3567	118	con	p+s+	355	8178	emospace1	[0.005258789062499947, -0.823624267578125]	4.0208780762513925	1554726850.6797237
3567	119	con	p-s-	260	3102	emospace1	[-0.6734863281250001, 0.6355554199218748]	2.185743920290406	1554726868.2987316
