3640	0	con	p-s-	625	6250	emospace1	[0.0, -0.9220385742187504]	4.621512800978962	1554804957.0922544
3640	1	con	p0s0	723	9926	emospace1	[0.6875885009765627, -0.6988531494140622]	5.789408027872923	1554804974.5762544
3640	2	inc	p-s+	601	3195	emospace1	[-0.6368975830078124, 0.6256469726562501]	3.9047206969025865	1554804992.065255
3640	3	inc	p-s+	215	3101	emospace1	[-0.6080322265625007, 0.6761523437500008]	8.825808289375345	1554805009.5452547
3640	4	con	p+s+	360	4656	emospace1	[-0.6090954589843749, -0.6647442626953128]	7.841716238306617	1554805027.0292547
3640	5	inc	p+s-	502	8034	emospace1	[0.6322955322265628, -0.6153607177734377]	2.402648083079839	1554805044.5332556
3640	6	con	p0s0	724	6570	emospace1	[0.0, -0.8421801757812498]	8.025049661688172	1554805062.0152557
3640	7	con	p+s+	353	4660	emospace1	[0.6515643310546868, 0.5664440917968749]	2.903124138912972	1554805079.5162568
3640	8	con	p-s-	134	8230	emospace1	[-0.5904864501953133, 0.650641479492188]	2.1026167462405283	1554805097.0002568
3640	9	con	p0s0	368	7595	emospace1	[0.6647351074218749, -0.6894958496093747]	2.8363772691445774	1554805114.5032578
3640	10	inc	p+s-	624	4652	emospace1	[0.7088781738281247, -0.6637854003906252]	4.971880588627755	1554805131.987258
3640	11	inc	p+s-	134	4660	emospace1	[0.0, -0.9066577148437519]	4.938501750841169	1554805149.487259
3640	12	con	p0s0	225	4279	emospace1	[-0.608167114257813, 0.6425128173828129]	3.8206398118363722	1554805166.9712589
3640	13	inc	p-s+	109	3261	emospace1	[-0.8500097656249997, 0.009266357421875185]	6.923871888751819	1554805184.4742599
3640	14	con	p+s+	215	4651	emospace1	[0.6339459228515625, -0.6476971435546877]	5.122013169877391	1554805201.95726
3640	15	inc	p-s+	311	8230	emospace1	[-0.6559490966796879, 0.6668957519531252]	3.253457408010945	1554805219.458261
3640	16	con	p0s0	705	2309	emospace1	[0.6463262939453125, -0.6495050048828126]	1.8186884631795692	1554805236.9502616
3640	17	con	p-s-	420	3005	emospace1	[-0.5987976074218748, -0.6401525878906247]	3.503791637625909	1554805254.4452622
3640	18	con	p0s0	130	7092	emospace1	[0.0, -0.8542773437500001]	1.4015942167316098	1554805271.9372625
3640	19	con	p+s+	355	8178	emospace1	[0.6315155029296876, -0.6495312500000003]	5.20545231007236	1554805289.4312632
3640	20	con	p0s0	377	6010	emospace1	[0.0, -0.8945507812499988]	3.7706452447546326	1554805306.9342644
3640	21	con	p0s0	728	2525	emospace1	[-0.843599853515625, 0.0]	2.5528418972353393	1554805324.4222646
3640	22	inc	p-s+	110	6213	emospace1	[0.646324462890625, 0.6386218261718751]	2.6361711783902138	1554805341.9172652
3640	23	inc	p+s-	423	5270	emospace1	[0.6429876708984373, 0.6353240966796878]	1.435030385327991	1554805359.4212663
3640	24	inc	p+s-	293	2300	emospace1	[-0.6625402832031254, 0.6433227539062499]	2.352567669866403	1554805376.934268
3640	25	inc	p+s-	625	5470	emospace1	[0.6076025390624997, -0.6115747070312502]	4.4213358258748485	1554805394.4222684
3640	26	inc	p-s+	216	3015	emospace1	[-0.6336364746093752, 0.6531323242187499]	1.868757170101162	1554805411.9082682
3640	27	inc	p-s+	210	3102	emospace1	[-0.6411383056640622, 0.648999633789063]	5.188775948194234	1554805429.3912683
3640	28	con	p+s+	201	4800	emospace1	[0.0, 0.8800054931640625]	2.0355541067765444	1554805446.8922694
3640	29	con	p-s-	713	6510	emospace1	[0.0, -0.8941064453125004]	2.652978110436379	1554805464.3762693
3640	30	con	p0s0	120	1945	emospace1	[0.6231463623046878, -0.6353802490234379]	2.8864390723574616	1554805481.8792706
3640	31	inc	p-s+	610	3063	emospace1	[-0.6446978759765634, 0.6431237792968754]	3.2201136890944326	1554805499.3622704
3640	32	inc	p+s-	283	4659	emospace1	[-0.6435345458984386, -0.6185174560546876]	5.021930685550615	1554805516.8642716
3640	33	inc	p+s-	424	4651	emospace1	[0.688694458007812, -0.657447509765626]	3.2535909797916247	1554805534.3472717
3640	34	inc	p+s-	291	5621	emospace1	[0.9099969482421878, 0.0]	2.652988015761366	1554805551.8502727
3640	35	con	p+s+	220	5623	emospace1	[0.9006048583984373, 0.0]	1.4516899381706025	1554805569.337273
3640	36	con	p-s-	291	1525	emospace1	[-0.6567700195312499, 0.693643188476562]	3.0199115004434134	1554805586.8352737
3640	37	con	p+s+	365	8193	emospace1	[0.8441088867187507, 0.017833251953125042]	3.570459264810779	1554805604.3212738
3640	38	inc	p+s-	295	5623	emospace1	[0.0, 0.8789147949218751]	1.818651243178465	1554805621.822275
3640	39	con	p-s-	260	3102	emospace1	[-0.6700524902343751, 0.6264599609375001]	3.487040535586857	1554805639.305275
3640	40	inc	p-s+	817	1525	emospace1	[0.6961804199218744, 0.6455175781250002]	1.88543413230218	1554805656.8072758
3640	41	con	p-s-	241	3010	emospace1	[0.014863281249999988, -0.8985382080078137]	1.6351842480144114	1554805674.2932758
3640	42	inc	p+s-	422	4800	emospace1	[0.6571228027343747, 0.5879364013671871]	2.068983371664217	1554805691.7942772
3640	43	con	p+s+	352	8186	emospace1	[0.6384619140625001, 0.6521295166015624]	8.208501648787205	1554805709.295278
3640	44	con	p-s-	624	9902	emospace1	[0.0, -0.8301361083984374]	1.050948779873579	1554805726.796279
3640	45	inc	p+s-	699	8380	emospace1	[0.9087371826171873, 0.027377319335936713]	6.456714038125938	1554805744.281279
3640	46	inc	p+s-	312	8370	emospace1	[0.8784185791015634, 0.0]	1.9187694467000256	1554805761.7822802
3640	47	inc	p-s+	813	9423	emospace1	[0.6592260742187507, -0.6341009521484368]	5.05544969866969	1554805779.2692802
3640	48	inc	p+s-	106	7405	emospace1	[0.6479235839843748, -0.6725207519531253]	1.0513885161890357	1554805796.7712815
3640	49	inc	p-s+	365	6510	emospace1	[-0.021041259765625018, -0.8538854980468753]	2.1857188052854326	1554805814.2522812
3640	50	inc	p-s+	820	6821	emospace1	[0.6337927246093754, 0.6731903076171872]	2.91984252336988	1554805831.7532823
3640	51	con	p0s0	425	7560	emospace1	[-0.8692474365234378, -0.004765014648437491]	4.538091670463473	1554805849.2542832
3640	52	inc	p-s+	200	3005	emospace1	[0.0, 0.8774182128906247]	2.369239229159575	1554805866.7382832
3640	53	inc	p+s-	260	4490	emospace1	[-0.8343817138671881, 0.0]	1.3849214567890158	1554805884.2412844
3640	54	inc	p+s-	255	9156	emospace1	[-0.6597283935546875, 0.6506738281250005]	1.7190757313001086	1554805901.7252843
3640	55	con	p0s0	104	2810	emospace1	[-0.8535986328125, 0.0]	2.0355535064518335	1554805919.2272854
3640	56	con	p-s-	288	9325	emospace1	[-0.6187396240234384, -0.6550671386718752]	7.357664709015808	1554805936.7142856
3640	57	inc	p-s+	204	3053	emospace1	[-0.9192541503906253, 0.0]	2.31919243401353	1554805954.2222872
3640	58	con	p+s+	815	8370	emospace1	[0.6507788085937496, 0.6442053222656242]	1.7520958763234376	1554805971.7132874
3640	59	con	p-s-	709	9163	emospace1	[0.6434783935546873, -0.6216796875]	2.252505596505216	1554805989.2012877
