3723	60	inc	p-s+	366	6263	emospace1	[0.32888000488281255, 0.0]	2.5839768733785604	1555576784.1728818
3723	61	inc	p+s-	501	4656	emospace1	[-0.152969970703125, 0.3876794433593752]	2.433943795900632	1555576801.6698825
3723	62	inc	p+s-	423	5270	emospace1	[-0.1818341064453125, -0.6053588867187498]	7.566913156912051	1555576819.1488824
3723	63	inc	p-s+	215	3101	emospace1	[-0.10500122070312502, 0.4906536865234373]	8.566984594659516	1555576836.626882
3723	64	inc	p+s-	703	4611	emospace1	[0.2169000244140625, 0.43422119140625004]	6.583445892811142	1555576854.1118822
3723	65	con	p+s+	716	4652	emospace1	[0.544583740234375, 0.5331292724609372]	1.1167695010044554	1555576871.5838814
3723	66	con	p-s-	719	6821	emospace1	[-0.40875732421875016, -0.1496783447265625]	2.1835502879730484	1555576889.0648813
3723	67	inc	p+s-	713	7501	emospace1	[-0.10203308105468752, 0.0]	0.5167968754703907	1555576906.5358808
3723	68	con	p+s+	360	4656	emospace1	[-0.012353515624999992, 0.14540771484375]	7.816835715992056	1555576924.0338817
3723	69	con	p-s-	291	1525	emospace1	[-0.4037554931640625, -0.1701361083984375]	8.916189114328517	1555576941.523882
3723	70	inc	p+s-	277	4647	emospace1	[0.24316833496093754, 0.5696905517578126]	2.8002000256929023	1555576959.1628907
3723	71	inc	p-s+	201	9163	emospace1	[-0.11967468261718751, 0.3930535888671879]	8.283306499155515	1555576976.6418905
3723	72	con	p0s0	425	7560	emospace1	[-0.10539001464843752, -0.11555236816406253]	7.166899289584762	1555576994.1278906
3723	73	inc	p+s-	422	4800	emospace1	[0.0, 0.2865704345703125]	1.6502587967479485	1555577011.6778944
3723	74	inc	p+s-	291	5621	emospace1	[0.13438232421874996, 0.1194586181640626]	7.016575958738031	1555577029.1788957
3723	75	inc	p+s-	295	5623	emospace1	[-0.183765869140625, 0.26736267089843757]	3.666933507665817	1555577046.655895
3723	76	con	p0s0	225	4279	emospace1	[0.1215893554687499, -0.21301025390625]	7.966898509172097	1555577064.133895
3723	77	inc	p-s+	200	3005	emospace1	[-0.4589434814453125, 0.17316833496093753]	4.134149584640909	1555577081.605894
3723	78	con	p0s0	724	6570	emospace1	[-0.1393878173828125, -0.223775634765625]	6.716963643588315	1555577099.090894
3723	79	inc	p+s-	699	8380	emospace1	[-0.18641540527343745, 0.10435729980468751]	5.600201946708694	1555577116.5778944
3723	80	con	p-s-	423	2683	emospace1	[-0.19969482421875004, -0.2179302978515625]	2.966895207428024	1555577134.0438936
3723	81	inc	p+s-	420	8178	emospace1	[0.0, -0.16047180175781256]	2.6830595286555763	1555577151.5338938
3723	82	inc	p-s+	353	6370	emospace1	[0.22570800781249997, 0.105322265625]	5.966896408061075	1555577169.0228941
3723	83	con	p0s0	377	6010	emospace1	[-0.08609558105468751, -0.5176983642578127]	2.4669702470782795	1555577186.5178947
3723	84	inc	p+s-	709	8193	emospace1	[-0.07078247070312502, 0.18421936035156253]	1.7669523576259962	1555577203.9938943
3723	85	inc	p-s+	351	6250	emospace1	[-0.10219360351562501, -0.11884765625]	4.516808581654914	1555577221.4598932
3723	86	con	p+s+	200	4697	emospace1	[0.0898394775390625, 0.3976684570312501]	6.6337032487972465	1555577238.9318924
3723	87	con	p0s0	152	9468	emospace1	[-0.008126220703125001, 0.2578192138671875]	2.6173836255075003	1555577256.4618955
3723	88	con	p0s0	728	2525	emospace1	[0, 0]	None	1555577273.957896
3723	89	inc	p-s+	202	9902	emospace1	[0.08226257324218758, 0.31756591796875017]	8.900437090958803	1555577291.4298954
3723	90	inc	p+s-	283	4659	emospace1	[-0.24050231933593752, 0.4831402587890626]	8.533862392889205	1555577308.9158955
3723	91	inc	p-s+	216	3015	emospace1	[-0.3205334472656251, 0.5585467529296877]	1.5836983261960995	1555577326.4028957
3723	92	con	p-s-	288	9325	emospace1	[-0.44445068359374984, 0.25341308593750017]	3.800978637111257	1555577343.9038966
3723	93	con	p+s+	355	8178	emospace1	[0.00018310546874996617, 0.0]	8.166872575468005	1555577361.3798964
3723	94	con	p+s+	215	4651	emospace1	[0.23650207519531252, 0.639854125976563]	1.7001427554332622	1555577378.8638964
3723	95	con	p-s-	106	6213	emospace1	[-0.2214221191406251, 0.25977722167968736]	4.682923556807509	1555577396.3298955
3723	96	inc	p+s-	711	8130	emospace1	[-0.11042419433593752, 0.07625732421875002]	2.3836147020083445	1555577413.8188956
3723	97	inc	p+s-	312	8370	emospace1	[0.1449176025390625, 0.35672790527343756]	2.4834927775846154	1555577431.307896
3723	98	con	p+s+	110	8380	emospace1	[0.58142333984375, 0.3037634277343751]	3.783423260851123	1555577448.7838955
3723	99	inc	p-s+	210	3102	emospace1	[-0.21830200195312496, 0.3605255126953124]	7.616843640178558	1555577466.2488945
3723	100	con	p0s0	170	1112	emospace1	[-0.4306414794921874, 0.37517517089843755]	2.800248651386937	1555577483.7278943
3723	101	inc	p-s+	610	3063	emospace1	[-0.6489166259765627, 0.38064941406250014]	4.250119463125884	1555577501.1988935
3723	102	inc	p+s-	293	2300	emospace1	[0.4358618164062498, 0.055944213867187516]	3.900211071530066	1555577518.690894
3723	103	inc	p-s+	365	6510	emospace1	[-0.4279821777343751, -0.10031494140625]	2.6839482982795744	1555577536.1688938
3723	104	inc	p-s+	820	6821	emospace1	[0.3942761230468752, -0.263961181640625]	1.3001862183973572	1555577553.6358926
3723	105	inc	p-s+	415	9325	emospace1	[-0.44172668457031256, -0.07953979492187502]	3.933635232857341	1555577571.104892
3723	106	con	p0s0	382	7079	emospace1	[0, 0]	None	1555577588.5978923
3723	107	inc	p+s-	289	8186	emospace1	[-0.23406982421875, -0.13967590332031252]	6.200220196351438	1555577606.0698917
3723	108	con	p0s0	361	7632	emospace1	[-0.210008544921875, -0.08916320800781251]	6.5001890999210445	1555577623.5638921
3723	109	inc	p+s-	255	9156	emospace1	[-0.2453051757812499, -0.4299835205078126]	8.216957340258887	1555577641.0388918
3723	110	inc	p-s+	815	9622	emospace1	[0.6359954833984375, 0.6440100097656247]	2.150112319350228	1555577658.526892
3723	111	inc	p+s-	134	4660	emospace1	[0.1271392822265625, 0.5575714111328124]	5.433580303832059	1555577676.0138924
3723	112	con	p+s+	201	4800	emospace1	[0.3282452392578126, 0.6160192871093749]	6.067752700528217	1555577693.4878917
3723	113	inc	p+s-	241	8001	emospace1	[-0.06125183105468751, -0.5142694091796876]	2.7335654159669502	1555577710.9668915
3723	114	con	p0s0	723	9926	emospace1	[-0.17664001464843757, -0.5144854736328126]	5.333635292887266	1555577728.4608922
3723	115	con	p0s0	132	7249	emospace1	[0.23935852050781253, -0.18178527832031263]	8.716907213771265	1555577745.942892
3723	116	con	p+s+	808	8341	emospace1	[0.26174682617187506, -0.16734008789062482]	7.133530957757102	1555577763.406891
3723	117	inc	p-s+	817	1525	emospace1	[0.2057086181640625, -0.0008618164062500003]	3.41635089981537	1555577780.890891
3723	118	con	p+s+	353	4660	emospace1	[0.4122113037109376, 0.35373046875000014]	4.016768060242612	1555577798.35689
3723	119	con	p+s+	815	8370	emospace1	[0.4765893554687494, 0.7328741455078129]	6.483486774410267	1555577815.8248892
