3802	0	inc	p+s-	713	7501	emospace1	[0, 0]	None	1554980414.653145
3802	1	inc	p+s-	277	4647	emospace1	[-0.16110290527343754, 0.27593994140624994]	3.1168704555711884	1554980432.171147
3802	2	inc	p+s-	310	8470	emospace1	[0.3491979980468751, 0.27391235351562504]	4.366934990059235	1554980449.6671479
3802	3	inc	p-s+	815	9622	emospace1	[0.254913330078125, 0.20562866210937505]	3.083372854454865	1554980467.1671488
3802	4	con	p0s0	225	4279	emospace1	[0, 0]	None	1554980484.6331477
3802	5	inc	p+s-	295	5623	emospace1	[-0.1120343017578125, 0.15015686035156253]	2.7172026731095684	1554980502.122148
3802	6	inc	p-s+	201	9163	emospace1	[-0.16906372070312503, 0.1575018310546875]	5.133448014617898	1554980519.606148
3802	7	con	p0s0	358	2115	emospace1	[-0.16265747070312503, -0.15316955566406248]	4.200271525101925	1554980537.1181495
3802	8	inc	p-s+	202	9902	emospace1	[-0.16625122070312506, 0.171407470703125]	3.100340622027943	1554980554.5901492
3802	9	con	p-s-	423	2683	emospace1	[-0.14859436035156254, -0.10888488769531253]	1.200238207298753	1554980572.1041508
3802	10	inc	p+s-	289	8186	emospace1	[-0.2389074707031251, 0.0]	2.617062858391364	1554980589.5711498
3802	11	inc	p+s-	709	8193	emospace1	[0.4680810546875, -0.3484295654296876]	8.283780352219765	1554980607.0371487
3802	12	inc	p-s+	601	3195	emospace1	[-0.6466448974609378, 0.22523071289062505]	2.266730640854803	1554980624.507148
3802	13	con	p-s-	719	6821	emospace1	[-0.633709716796875, 0.26288757324218753]	1.4668553875198995	1554980641.988148
3802	14	inc	p-s+	367	9429	emospace1	[-0.6515576171875005, -0.46458923339843744]	7.0834851144445565	1554980659.455147
3802	15	con	p-s-	291	1525	emospace1	[-0.6735046386718748, 0.43533386230468785]	4.3161904721891915	1554980676.921146
3802	16	inc	p-s+	353	6370	emospace1	[-0.25383972167968755, 0.064810791015625]	5.883918966295823	1554980694.390145
3802	17	con	p+s+	716	4652	emospace1	[0.5528411865234377, 0.1946563720703125]	4.533474188607215	1554980711.8571444
3802	18	inc	p-s+	311	8230	emospace1	[-0.4492675781250003, 0.13062622070312505]	4.050417042868503	1554980729.3231432
3802	19	con	p-s-	502	6231	emospace1	[-0.3196649169921875, 0.16611450195312502]	4.883584587601945	1554980746.8001428
3802	20	inc	p+s-	711	8130	emospace1	[0.4458929443359377, 0.2136914062500001]	4.58378737597377	1554980764.2761424
3802	21	inc	p+s-	255	9156	emospace1	[-0.5401611328125003, 0.5015655517578127]	7.833618085503986	1554980781.7441416
3802	22	con	p-s-	625	6250	emospace1	[-0.7834313964843751, 0.8288958740234377]	5.1501456378282455	1554980799.2091405
3802	23	inc	p+s-	293	2300	emospace1	[-0.6591204833984378, -0.4504620361328125]	6.183739590436744	1554980816.6901405
3802	24	inc	p-s+	813	9423	emospace1	[-1.0, 0.32291992187500024]	4.849827047573854	1554980834.1601396
3802	25	inc	p-s+	360	6230	emospace1	[-1.0, 0.5169122314453124]	8.617109983575574	1554980851.6251385
3802	26	con	p+s+	367	5470	emospace1	[0.8102905273437493, 0.7782849121093752]	1.2669143390230602	1554980869.1111386
3802	27	con	p+s+	366	7501	emospace1	[0.8121832275390624, 0.24423095703125003]	1.6668672738705936	1554980886.5781376
3802	28	con	p+s+	201	4800	emospace1	[0.14193176269531263, 0.4434490966796876]	3.2665151256824174	1554980904.0451367
3802	29	inc	p+s-	420	8178	emospace1	[0.40982910156250013, -0.17364501953125]	2.0673070688972075	1554980921.5111358
3802	30	inc	p+s-	422	4800	emospace1	[-0.24413513183593746, -0.06315673828124999]	4.950372078837972	1554980938.981135
3802	31	inc	p+s-	719	5215	emospace1	[0.0909027099609375, -0.1980712890625001]	5.167255981599737	1554980956.4561343
3802	32	con	p-s-	283	9184	emospace1	[-0.24784057617187513, -0.3626873779296876]	1.7502647414767125	1554980973.9371343
3802	33	inc	p+s-	106	7405	emospace1	[-0.3837506103515625, -0.3495428466796875]	7.316884443047456	1554980991.435135
3802	34	inc	p-s+	220	2683	emospace1	[0.2111053466796875, 0.1263568115234375]	2.4834785709463176	1554981008.918135
3802	35	inc	p-s+	210	3102	emospace1	[-0.8333312988281255, -0.4881457519531248]	3.667068681505043	1554981026.3811338
3802	36	inc	p-s+	817	1525	emospace1	[0.4779217529296876, 0.15812561035156253]	1.2169676475095912	1554981043.849133
3802	37	con	p-s-	501	3195	emospace1	[-0.39812866210937503, -0.18824707031250001]	2.8339428590661555	1554981061.3181322
3802	38	inc	p+s-	134	4660	emospace1	[-0.1375482177734375, 0.23900512695312504]	4.867871790684148	1554981078.848135
3802	39	inc	p+s-	288	4668	emospace1	[-0.23844055175781256, 0.217032470703125]	4.9669664468674455	1554981096.3261344
3802	40	con	p0s0	382	7079	emospace1	[-0.2523474121093751, -0.32675598144531254]	3.950234005053062	1554981113.8231351
3802	41	con	p+s+	110	8380	emospace1	[0.49250366210937513, 0.30734619140625014]	1.2167620376349078	1554981131.301135
3802	42	inc	p-s+	716	9184	emospace1	[-0.1432830810546875, -0.3906927490234377]	1.1002157553011784	1554981148.7731342
3802	43	con	p+s+	215	4651	emospace1	[0.45757507324218766, 0.3201007080078126]	6.45017427312996	1554981166.2491338
3802	44	inc	p+s-	241	8001	emospace1	[0.3952264404296876, 0.24734924316406254]	2.7335437057590752	1554981183.7251337
3802	45	con	p+s+	365	8193	emospace1	[0.56325439453125, 0.3052362060546876]	2.867216240359994	1554981201.201133
3802	46	con	p0s0	705	2309	emospace1	[-0.09079162597656251, -0.3639581298828126]	0.7001568638297613	1554981218.6751325
3802	47	con	p-s-	106	6213	emospace1	[-0.5664782714843751, 0.24691040039062506]	5.900639401697845	1554981236.151132
3802	48	con	p0s0	720	7046	emospace1	[-0.3442309570312501, -0.3382434082031251]	4.383545266591682	1554981253.6181312
3802	49	inc	p-s+	200	3005	emospace1	[-0.7990539550781246, -0.7653399658203128]	3.1002514743886422	1554981271.0861301
3802	50	con	p+s+	200	4697	emospace1	[0.186614990234375, 0.29763916015625]	2.1835372823261423	1554981288.56013
3802	51	con	p-s-	709	9163	emospace1	[-0.7003930664062504, -0.27913391113281255]	2.6336449198461196	1554981306.0421298
3802	52	inc	p-s+	820	6821	emospace1	[0.23245849609375, 0.12968750000000004]	5.4002461915661115	1554981323.5041285
3802	53	con	p-s-	420	3005	emospace1	[-0.7675378417968752, -0.4039941406250003]	2.8170618378462677	1554981340.9721274
3802	54	con	p0s0	170	1112	emospace1	[-0.9274627685546875, 0.15201538085937535]	5.000247332176514	1554981358.4421265
3802	55	con	p0s0	130	7092	emospace1	[0.311737060546875, 0.2728143310546875]	1.6170151328879	1554981375.913126
3802	56	con	p+s+	815	8370	emospace1	[0.7363208007812503, 0.64125]	7.6837518970132805	1554981393.3931258
3802	57	con	p0s0	377	6010	emospace1	[-0.7651788330078125, -0.3279254150390625]	1.9002116731171554	1554981410.8561246
3802	58	inc	p-s+	355	3150	emospace1	[-1.0, -0.3902709960937502]	5.3836413179233205	1554981428.3231237
3802	59	con	p0s0	368	7595	emospace1	[0.0, -0.27325439453125006]	0.7335830267693382	1554981445.7901227
