3872	60	con	p+s+	110	8380	emospace1	[0.8722155761718751, 0.14666442871093752]	5.455753654750879	1555077474.1027348
3872	61	con	p0s0	425	7560	emospace1	[0.19126464843749996, -0.6734729003906251]	2.936436231520929	1555077491.6017356
3872	62	inc	p-s+	109	3261	emospace1	[-0.1370440673828125, 0.126732177734375]	5.906125133271416	1555077509.1857417
3872	63	con	p0s0	120	1945	emospace1	[0.5345343017578127, 0.18295959472656248]	8.709103144719847	1555077526.6707416
3872	64	con	p0s0	170	1112	emospace1	[0.0, -0.37983154296874994]	4.538612634591118	1555077544.2547474
3872	65	con	p+s+	808	8341	emospace1	[0.2003125, 0.039222412109375]	0.7508788696686679	1555077561.7557483
3872	66	con	p+s+	360	4656	emospace1	[0.12364501953124997, -0.24046936035156252]	8.475400954270299	1555077579.3397539
3872	67	con	p+s+	352	8186	emospace1	[0.4366534423828125, -0.10374572753906267]	5.238807918951352	1555077596.8257542
3872	68	inc	p-s+	813	9423	emospace1	[0.0, 0.1707843017578125]	2.7696097794650996	1555077614.428761
3872	69	inc	p+s-	420	8178	emospace1	[0.06666870117187501, 0.02763122558593752]	8.391975571747025	1555077631.9107609
3872	70	inc	p+s-	424	4651	emospace1	[0.1353924560546875, 0.09610595703125002]	0.7175592636704096	1555077649.4617648
3872	71	con	p+s+	365	8193	emospace1	[0.24634399414062505, -0.11807189941406249]	6.290337656442716	1555077667.0137687
3872	72	inc	p+s-	709	8193	emospace1	[0.15015441894531253, -0.1828485107421875]	2.3530390640771657	1555077684.5327709
3872	73	inc	p+s-	625	5470	emospace1	[0.22967651367187505, 0.0]	0.4672449957251956	1555077702.0837748
3872	74	inc	p-s+	601	3195	emospace1	[0.160628662109375, -0.026917724609375]	2.4526490956777707	1555077719.6387787
3872	75	inc	p+s-	423	5270	emospace1	[0, 0]	None	1555077737.1517804
3872	76	con	p-s-	288	9325	emospace1	[0.23586608886718755, 0.0]	1.0511977600835962	1555077754.7077847
3872	77	inc	p-s+	202	9902	emospace1	[0.16951904296875003, 0.0]	1.5017433316352253	1555077772.2557883
3872	78	inc	p+s-	255	9156	emospace1	[0.13856567382812504, 0.0]	0.3839835007820511	1555077789.7567892
3872	79	inc	p+s-	283	4659	emospace1	[0.2969775390625, -0.010487060546875]	7.424752787890611	1555077807.3577962
3872	80	con	p-s-	624	9902	emospace1	[0.10746398925781252, -0.709876708984375]	8.375265942122496	1555077824.842796
3872	81	inc	p+s-	312	8370	emospace1	[0.3001458740234375, -0.024113159179687402]	8.79267590600648	1555077842.426802
3872	82	inc	p-s+	351	6250	emospace1	[0, 0]	None	1555077859.9268026
3872	83	con	p+s+	817	8470	emospace1	[0.17904296874999992, 0.0]	0.5507184039124695	1555077877.4958074
3872	84	con	p0s0	104	2810	emospace1	[0, 0]	None	1555077894.9968088
3872	85	inc	p+s-	711	8130	emospace1	[0.36665588378906244, -0.03952392578125003]	7.290987503722135	1555077912.5648136
3872	86	con	p0s0	368	7595	emospace1	[0.0, -0.3309399414062501]	2.653321334921202	1555077930.0828154
3872	87	inc	p-s+	355	3150	emospace1	[0, 0]	None	1555077947.6508203
3872	88	inc	p+s-	293	2300	emospace1	[0.22967651367187505, 0.0]	0.7509016818585224	1555077965.181823
3872	89	inc	p+s-	291	5621	emospace1	[0.1277734375, 0.0]	2.269651501763292	1555077982.7048254
3872	90	inc	p+s-	260	4490	emospace1	[0.1523785400390625, 0.0]	0.8843337879734463	1555078000.255829
3872	91	inc	p-s+	366	6263	emospace1	[0.0, -0.5450683593750003]	1.2013725134711422	1555078017.8118334
3872	92	con	p0s0	225	4279	emospace1	[0.26999145507812505, 0.0]	0.3338218944190885	1555078035.306834
3872	93	inc	p+s-	288	4668	emospace1	[0.35078247070312507, 0.0]	0.5507442177076882	1555078052.8838391
3872	94	inc	p-s+	205	9253	emospace1	[0, 0]	None	1555078070.396841
3872	95	con	p+s+	815	8370	emospace1	[0.0, -0.5149060058593751]	5.53910789926158	1555078087.9788468
3872	96	inc	p+s-	699	8380	emospace1	[0.1692010498046874, -0.20190185546875009]	2.68615918346768	1555078105.4648466
3872	97	inc	p-s+	415	9325	emospace1	[0.30915771484374993, -0.058645629882812536]	8.108347100693209	1555078123.0508525
3872	98	inc	p+s-	422	4800	emospace1	[0.3071350097656249, -0.0377471923828125]	5.822857635121181	1555078140.5488534
3872	99	inc	p+s-	106	7405	emospace1	[0.14587097167968754, 0.0]	2.8363033204950625	1555078158.1218586
3872	100	con	p-s-	719	6821	emospace1	[0.03391418457031242, -0.5997747802734379]	7.808055524874362	1555078175.667862
3872	101	con	p0s0	720	7046	emospace1	[0.2838635253906248, -0.11158508300781254]	8.54209299449576	1555078193.1678631
3872	102	con	p+s+	220	5623	emospace1	[0.16237670898437498, -0.29285888671875]	1.9020762695581652	1555078210.7228673
3872	103	inc	p-s+	815	9622	emospace1	[0.17700622558593737, -0.023442993164062294]	7.374307830104954	1555078228.2558699
3872	104	inc	p-s+	110	6213	emospace1	[0.1991998291015625, 0.0]	5.772672916406009	1555078245.8058739
3872	105	inc	p-s+	216	3015	emospace1	[0.0, -0.31586181640625005]	4.204477973027679	1555078263.308875
3872	106	con	p-s-	289	6263	emospace1	[0.0, -0.5565850830078125]	8.875843150577566	1555078280.9138818
3872	107	con	p-s-	260	3102	emospace1	[0.0, -0.4442736816406249]	2.4359436682971136	1555078298.3938816
3872	108	inc	p-s+	201	9163	emospace1	[0.0, -0.4106207275390625]	0.6185357455033227	1555078315.9988887
3872	109	inc	p-s+	311	8230	emospace1	[0.0, -0.42634094238281234]	3.069883045500319	1555078333.4788885
3872	110	con	p-s-	291	1525	emospace1	[0.0, -0.34586425781249996]	0.3338399040476361	1555078351.0468934
3872	111	inc	p+s-	719	5215	emospace1	[0.0, -1.0]	6.640204325191007	1555078368.560895
3872	112	inc	p-s+	204	3053	emospace1	[0.0, -0.6201422119140624]	1.0680118455311458	1555078386.1599016
3872	113	con	p0s0	152	9468	emospace1	[0.0, -1.0]	3.0700409298733575	1555078403.6549022
3872	114	con	p-s-	711	3261	emospace1	[-0.103907470703125, -0.0965045166015625]	5.071968559997913	1555078421.1699042
3872	115	inc	p-s+	378	3120	emospace1	[0.0, -0.25221496582031255]	0.917799872251635	1555078438.736909
3872	116	inc	p-s+	808	3010	emospace1	[0.0, -0.4850622558593752]	1.8186866061223554	1555078456.2549107
3872	117	con	p+s+	716	4652	emospace1	[0.17015319824218747, -0.31174072265625014]	7.607857539071119	1555078473.8049147
3872	118	inc	p-s+	820	6821	emospace1	[0.0, -1.0]	4.488023899972177	1555078491.3579187
3872	119	con	p0s0	705	2309	emospace1	[0.0, -1.0]	4.871745360720524	1555078508.86492
