4105	60	con	p+s+	220	5623	emospace1	[0.46847778320312505, 0.23165527343749998]	5.433598313349648	1555058507.0239325
4105	61	inc	p-s+	365	6510	emospace1	[-0.032282714843750046, 0.26921813964843755]	8.900228180571503	1555058524.4879315
4105	62	inc	p-s+	820	6821	emospace1	[0.22991882324218774, 0.26984558105468764]	2.250179194687007	1555058541.9699314
4105	63	con	p+s+	205	9156	emospace1	[0.22523132324218748, -0.14412292480468752]	7.2003426610608585	1555058559.4549313
4105	64	con	p+s+	366	7501	emospace1	[-0.5789093017578129, -0.20443786621093754]	6.36693338760233	1555058576.9559324
4105	65	inc	p+s-	295	5623	emospace1	[-0.01863586425781251, 0.36009277343749996]	7.283555630794581	1555058594.4239314
4105	66	inc	p+s-	423	5270	emospace1	[0.0, 0.3121911621093751]	4.6500934093583055	1555058611.9009311
4105	67	inc	p+s-	699	8380	emospace1	[-0.0021081542968749813, 0.4225457763671875]	6.0669437730903155	1555058629.3939316
4105	68	con	p-s-	255	3063	emospace1	[-0.7237603759765625, 0.7765679931640628]	3.5002851506724255	1555058646.8629308
4105	69	inc	p+s-	711	8130	emospace1	[-0.002207031250000025, 0.5756707763671874]	3.9501889798575576	1555058664.3599317
4105	70	con	p0s0	322	9635	emospace1	[-0.3300787353515626, -0.20586914062500003]	3.3334882151721104	1555058681.9789393
4105	71	con	p-s-	719	6821	emospace1	[-0.47126037597656273, 0.4493817138671877]	4.96699185849684	1555058699.440938
4105	72	con	p0s0	728	2525	emospace1	[0.54110595703125, 0.2680230712890627]	6.00041421887363	1555058716.9259381
4105	73	inc	p-s+	110	6213	emospace1	[-0.4202539062500001, -0.2806274414062501]	3.3006421593181585	1555058734.390937
4105	74	inc	p+s-	255	9156	emospace1	[-0.38870788574218834, -0.21320373535156206]	7.0335964523656	1555058751.8589363
4105	75	con	p-s-	423	2683	emospace1	[-0.20886291503906262, 0.11409423828125]	6.633575081072195	1555058769.3499367
4105	76	inc	p+s-	424	4651	emospace1	[-0.24422119140625007, 0.0]	0.6167791060797754	1555058786.838937
4105	77	inc	p-s+	202	9902	emospace1	[-0.3121917724609375, 0.0]	0.9169647241596977	1555058804.3259373
4105	78	con	p-s-	709	9163	emospace1	[-0.27087463378906235, -0.2194384765625001]	4.900254294370825	1555058821.7979364
4105	79	con	p-s-	624	9902	emospace1	[-0.4694085693359378, -0.21493286132812517]	7.233668370367013	1555058839.2619355
4105	80	con	p-s-	260	3102	emospace1	[-0.8367242431640625, 0.7867425537109375]	6.40028130864448	1555058856.7299347
4105	81	con	p0s0	170	1112	emospace1	[-0.38877624511718784, 0.3305163574218752]	4.817014010202911	1555058874.2179348
4105	82	inc	p+s-	106	7405	emospace1	[0.4361676025390625, 0.13771606445312498]	2.6834179180277715	1555058891.7159355
4105	83	con	p+s+	808	8341	emospace1	[0.6823883056640625, -0.14800903320312514]	2.6837904148560483	1555058909.1799345
4105	84	con	p0s0	724	6570	emospace1	[0.0, 0.32595764160156243]	3.1002313622520887	1555058926.6579342
4105	85	inc	p+s-	290	4697	emospace1	[0.0, 0.3481329345703126]	4.833529336901847	1555058944.1339338
4105	86	con	p+s+	716	4652	emospace1	[0.40332092285156246, 0.02772888183593753]	5.000183096748515	1555058961.6299343
4105	87	inc	p-s+	220	2683	emospace1	[0.0, 0.0034698486328125135]	6.450338158683735	1555058979.1019337
4105	88	inc	p+s-	719	5215	emospace1	[-0.34734436035156274, 0.43550781250000004]	6.566829712821345	1555058996.587934
4105	89	inc	p-s+	610	3063	emospace1	[-0.8112658691406253, 0.7632989501953126]	2.0500547489300516	1555059014.0639334
4105	90	con	p-s-	241	3010	emospace1	[-0.7430718994140628, 0.6613787841796875]	2.883440610017715	1555059031.5339327
4105	91	con	p-s-	291	1525	emospace1	[-0.5262109374999999, 0.41111755371093733]	6.450193182077783	1555059049.019933
4105	92	con	p0s0	723	9926	emospace1	[-0.20595031738281264, 0.019667358398437498]	3.050402932909492	1555059066.5029328
4105	93	inc	p-s+	351	6250	emospace1	[-0.24281494140625007, 0.6948486328125002]	1.1678718034618214	1555059083.9669318
4105	94	inc	p-s+	352	6231	emospace1	[0.10714111328125002, 0.32234802246093736]	4.233054245863968	1555059101.4439313
4105	95	inc	p+s-	260	4490	emospace1	[-0.5328167724609377, 0.15109802246093754]	5.350150019270586	1555059118.9339318
4105	96	con	p-s-	288	9325	emospace1	[-0.6275042724609374, 0.19406494140625002]	4.016859608616869	1555059136.4069312
4105	97	inc	p-s+	353	6370	emospace1	[-0.7015466308593752, 0.18481201171874997]	3.9839250059721962	1555059153.905932
4105	98	con	p0s0	225	4279	emospace1	[0.37681213378906253, 0.2660949707031251]	1.5335823449113377	1555059171.3779314
4105	99	con	p-s-	420	3005	emospace1	[-0.5696917724609375, -0.33141845703125006]	3.2335462058163102	1555059188.853931
4105	100	inc	p-s+	815	9622	emospace1	[0.09248901367187512, 0.1881280517578125]	6.666869874041367	1555059206.337931
4105	101	inc	p-s+	601	3195	emospace1	[-0.5364074707031253, 0.2740966796875001]	3.650088906977544	1555059223.876934
4105	102	inc	p-s+	813	9423	emospace1	[-0.3876586914062501, -0.22269470214843748]	0.7336371538731328	1555059241.375935
4105	103	con	p0s0	152	9468	emospace1	[0.5119989013671876, -0.3060766601562501]	3.933651441420807	1555059258.8429341
4105	104	con	p+s+	352	8186	emospace1	[0.543839721679688, -0.24939697265625005]	4.600627571609948	1555059276.3049328
4105	105	con	p+s+	110	8380	emospace1	[0.6575231933593749, -0.29110473632812517]	2.516786069758382	1555059293.7729318
4105	106	con	p0s0	130	7092	emospace1	[0.5702648925781247, 0.3408703613281253]	3.6336807369025337	1555059311.254932
4105	107	con	p+s+	367	5470	emospace1	[-0.16859558105468755, 0.0]	1.467047387839557	1555059328.722931
4105	108	inc	p-s+	367	9429	emospace1	[-0.5239080810546878, 0.0]	0.7838032616418786	1555059346.2119315
4105	109	con	p+s+	202	4668	emospace1	[0.43728271484375, 0.122501220703125]	8.266857507507666	1555059363.6849308
4105	110	inc	p-s+	378	3120	emospace1	[-0.8391564941406255, 0.3657409667968754]	2.832936823817363	1555059381.1729307
4105	111	inc	p+s-	502	8034	emospace1	[0.4861712646484374, 0.23687683105468757]	1.5171282505671115	1555059398.6419299
4105	112	inc	p+s-	420	8178	emospace1	[0.43038879394531265, 0.0]	3.3335206323008606	1555059416.1089294
4105	113	con	p0s0	120	1945	emospace1	[0.34554748535156254, 0.0]	0.9170112487445294	1555059433.6009295
4105	114	inc	p+s-	422	4800	emospace1	[0.22475708007812498, 0.181878662109375]	1.9669708473957144	1555059451.0759292
4105	115	con	p-s-	289	6263	emospace1	[-0.7623498535156255, 0.45843872070312525]	1.250095450435765	1555059468.5459285
4105	116	con	p+s+	817	8470	emospace1	[0.6893444824218754, 0.40587951660156285]	4.2668935265392065	1555059486.0109274
4105	117	con	p0s0	368	7595	emospace1	[0.32395751953125007, -0.20491455078124998]	8.999964881444612	1555059503.4929273
4105	118	inc	p-s+	817	1525	emospace1	[-0.25750366210937503, -0.5028436279296875]	1.8837041492715798	1555059520.9599264
4105	119	con	p+s+	215	4651	emospace1	[0.18475769042968754, 0.7260430908203133]	5.250188199444892	1555059538.4429264
