4124	0	inc	p-s+	378	3120	emospace1	[0.0, 0.8922149658203119]	5.850255227159323	1554797111.5354595
4124	1	con	p+s+	367	5470	emospace1	[0.660302734375, -0.6061755371093751]	6.133491938568113	1554797129.1074648
4124	2	inc	p-s+	110	6213	emospace1	[-0.62163818359375, 0.6513354492187504]	6.31677643565672	1554797146.597465
4124	3	inc	p-s+	367	9429	emospace1	[-0.6543908691406246, 0.6415759277343748]	6.000166889687534	1554797164.078465
4124	4	inc	p-s+	311	8230	emospace1	[0.02873046875, 0.9232843017578132]	3.9669552417472005	1554797181.5604649
4124	5	inc	p-s+	817	1525	emospace1	[-0.6293829345703121, 0.6368780517578125]	1.2668680148708518	1554797199.0954678
4124	6	con	p-s-	289	6263	emospace1	[-0.6109533691406249, 0.6396948242187501]	5.2003312580181955	1554797216.5874684
4124	7	con	p-s-	241	3010	emospace1	[-0.6809930419921872, 0.6248699951171872]	1.9669027135187207	1554797234.084469
4124	8	con	p-s-	423	2683	emospace1	[-0.5965936279296875, 0.6223754882812502]	5.3334621025333036	1554797251.5764694
4124	9	inc	p-s+	813	9423	emospace1	[-0.6137518310546879, -0.6656848144531252]	5.9669666478766885	1554797269.0984716
4124	10	con	p-s-	106	6213	emospace1	[-0.8334387207031253, 0.0]	3.8673136943798454	1554797286.5624707
4124	11	inc	p-s+	201	9163	emospace1	[0.2277716064453125, 0.0]	3.6001530222347355	1554797304.0484707
4124	12	inc	p+s-	260	4490	emospace1	[0.030124511718750028, 0.8381280517578127]	3.333590571572131	1554797321.5334706
4124	13	con	p+s+	352	8186	emospace1	[0.6470275878906244, 0.6440704345703125]	3.7835945036858902	1554797339.1324775
4124	14	con	p+s+	202	4668	emospace1	[0.6533160400390626, 0.619065551757813]	3.4669966640067287	1554797356.6124773
4124	15	con	p+s+	808	8341	emospace1	[0.0, 0.8551580810546875]	3.6668419608686236	1554797374.1034775
4124	16	con	p+s+	813	8034	emospace1	[0.6308087158203122, -0.6015716552734374]	6.533293291813607	1554797391.6034784
4124	17	inc	p-s+	716	9184	emospace1	[-0.6259429931640628, -0.6175988769531251]	1.1836605992066325	1554797409.077478
4124	18	con	p-s-	420	3005	emospace1	[-0.6385992431640627, 0.6490667724609372]	2.1005282238675136	1554797426.5914798
4124	19	inc	p-s+	352	6231	emospace1	[0.0, -0.894259033203125]	5.317061889059914	1554797444.0974813
4124	20	con	p-s-	260	3102	emospace1	[-0.5926727294921875, 0.6508569335937499]	1.9336205276704277	1554797461.6184833
4124	21	inc	p-s+	610	3063	emospace1	[-0.5864086914062501, 0.6378149414062498]	1.283649133043582	1554797479.1054835
4124	22	con	p0s0	368	7595	emospace1	[0.0, -0.8866387939453126]	1.6668944890971034	1554797496.5934837
4124	23	inc	p-s+	360	6230	emospace1	[-0.6962957763671874, -0.6656842041015626]	6.16694641700451	1554797514.0674832
4124	24	inc	p+s-	293	2300	emospace1	[-0.8834307861328127, -0.028426513671875316]	3.1335435663131648	1554797531.5724843
4124	25	inc	p+s-	501	4656	emospace1	[0.03212158203124989, 0.8534405517578133]	8.567039527040833	1554797549.103487
4124	26	con	p0s0	170	1112	emospace1	[0.0, 0.8623541259765622]	4.267239014247025	1554797566.5804868
4124	27	con	p-s-	502	6231	emospace1	[0.6207830810546873, -0.6217285156250001]	4.534143648796089	1554797584.0604863
4124	28	con	p0s0	358	2115	emospace1	[-0.6528546142578123, -0.6082354736328125]	1.3844661120892852	1554797601.570488
4124	29	con	p-s-	288	9325	emospace1	[-0.655953369140625, 0.6754766845703128]	2.2003078454363276	1554797619.0504878
4124	30	inc	p+s-	719	5215	emospace1	[-0.63531494140625, 0.6403149414062502]	1.4335670989585196	1554797636.539488
4124	31	con	p0s0	132	7249	emospace1	[-0.6422052001953126, -0.67537353515625]	7.833591472057378	1554797654.0294883
4124	32	con	p+s+	220	5623	emospace1	[0.8925122070312503, 0.0]	2.716958093280482	1554797671.518489
4124	33	inc	p+s-	420	8178	emospace1	[-0.006407470703125081, -0.8801690673828126]	4.7168566387572355	1554797689.0974944
4124	34	inc	p-s+	366	6263	emospace1	[0.0, -0.8628308105468752]	1.0002305238849658	1554797706.5784943
4124	35	inc	p+s-	276	8341	emospace1	[-0.9056268310546873, -0.016984252929687502]	2.9669495386824565	1554797724.0554936
4124	36	inc	p+s-	288	4668	emospace1	[-0.008126220703125001, 0.8583184814453126]	6.866943895649456	1554797741.5344934
4124	37	inc	p-s+	601	3195	emospace1	[0.06331420898437502, 0.8909582519531251]	2.916858319660605	1554797759.1094987
4124	38	inc	p+s-	699	8380	emospace1	[-0.6627557373046875, 0.6781787109374999]	7.0669284673585935	1554797776.5894985
4124	39	inc	p+s-	422	4800	emospace1	[0.7008978271484378, 0.6303948974609368]	8.466982556425137	1554797794.079499
4124	40	inc	p+s-	711	8130	emospace1	[0, 0]	None	1554797811.5614989
4124	41	inc	p-s+	415	9325	emospace1	[-0.6454711914062503, 0.6676611328125003]	3.8002246407231723	1554797829.030498
4124	42	con	p0s0	720	7046	emospace1	[0.0, -0.9107177734374992]	2.0003484872759145	1554797846.512498
4124	43	con	p+s+	365	8193	emospace1	[0.5917272949218745, -0.6311016845703127]	4.233644360479957	1554797864.0004983
4124	44	con	p-s-	719	6821	emospace1	[-0.6406286621093752, 0.6542211914062499]	1.4169054449866962	1554797881.4844983
4124	45	con	p+s+	200	4697	emospace1	[0.6739483642578123, 0.6001593017578123]	1.2336392577362858	1554797898.986499
4124	46	inc	p+s-	255	9156	emospace1	[-0.8650531005859375, 0.009896240234375017]	4.066937172035978	1554797916.4764998
4124	47	inc	p+s-	709	8193	emospace1	[-0.022996215820312794, -0.8519433593749995]	6.43370127106391	1554797933.9434988
4124	48	inc	p+s-	502	8034	emospace1	[0, 0]	None	1554797951.4144979
4124	49	con	p0s0	723	9926	emospace1	[-0.6578631591796881, -0.6298211669921875]	4.483582077007668	1554797969.1035097
4124	50	inc	p+s-	241	8001	emospace1	[0.0, -0.8693402099609367]	3.3336277915750543	1554797986.6015103
4124	51	con	p-s-	291	1525	emospace1	[-0.8253149414062493, 0.0]	1.2002177970443881	1554798004.0605092
4124	52	con	p0s0	130	7092	emospace1	[-0.6531042480468748, -0.677183227539063]	8.117152958000588	1554798021.56251
4124	53	inc	p+s-	310	8470	emospace1	[-0.9017211914062506, 0.0]	1.400263901821745	1554798039.0385098
4124	54	con	p-s-	625	6250	emospace1	[-0.6831262207031252, 0.6695343017578126]	8.783690855465466	1554798056.5915136
4124	55	inc	p-s+	216	3015	emospace1	[-0.6361059570312497, 0.6720440673828124]	1.1168299844339344	1554798074.0875144
4124	56	con	p-s-	277	3053	emospace1	[-0.6432855224609375, 0.6743780517578124]	1.1503129781940515	1554798091.5825152
4124	57	inc	p+s-	289	8186	emospace1	[-0.6418774414062501, -0.6568103027343751]	1.6000497667446325	1554798109.0485141
4124	58	con	p-s-	255	3063	emospace1	[-0.6645336914062504, 0.6048480224609376]	1.2834216107730754	1554798126.5165133
4124	59	con	p0s0	724	6570	emospace1	[0.0, -0.8633166503906256]	2.883684191883731	1554798143.9935126
