4231	0	inc	p-s+	204	3053	emospace1	[-0.6397064208984377, 0.6549114990234373]	2.7530683989571116	1554794232.500004
4231	1	con	p-s-	106	6213	emospace1	[-0.6375177001953125, 0.6114367675781249]	2.0689398482745673	1554794250.0040054
4231	2	inc	p-s+	210	3102	emospace1	[-0.8651611328124998, 0.0]	2.969907028036687	1554794267.5990117
4231	3	inc	p+s-	310	8470	emospace1	[-0.8384460449218748, -0.031354980468749974]	2.436065341515132	1554794285.1310143
4231	4	con	p+s+	201	4800	emospace1	[-0.6081359863281248, 0.5843865966796875]	3.8545115144879674	1554794302.7040198
4231	5	con	p-s-	255	3063	emospace1	[-0.6151611328124998, 0.5868804931640624]	3.0866910877903138	1554794320.3810306
4231	6	inc	p+s-	501	4656	emospace1	[-0.6117285156250002, 0.6496923828125]	3.5204277778884716	1554794338.1390464
4231	7	con	p-s-	624	9902	emospace1	[0, 0]	None	1554794355.6470478
4231	8	inc	p-s+	610	3063	emospace1	[0.8755285644531252, 0.0]	1.3015117324048333	1554794373.139048
4231	9	con	p0s0	120	1945	emospace1	[0.8372778320312503, 0.0]	1.7853297361998557	1554794390.6430495
4231	10	con	p+s+	365	8193	emospace1	[0.6596612548828122, -0.6715557861328126]	2.7696445069586844	1554794408.1480508
4231	11	inc	p+s-	290	4697	emospace1	[0, 0]	None	1554794425.6470516
4231	12	con	p-s-	241	3010	emospace1	[-0.6368847656249997, -0.5955389404296878]	1.2347654629593308	1554794443.381066
4231	13	con	p0s0	377	6010	emospace1	[0.0, -0.8990216064453121]	2.8697774183847287	1554794460.9170687
4231	14	inc	p+s-	276	8341	emospace1	[0.0231744384765625, 0.8795349121093756]	2.519432142833466	1554794478.41607
4231	15	con	p0s0	152	9468	emospace1	[0, 0]	None	1554794495.924071
4231	16	con	p+s+	808	8341	emospace1	[0.8350604248046872, 0.0]	1.4015909149575236	1554794513.5330782
4231	17	con	p-s-	502	6231	emospace1	[0.0, 0.8848461914062505]	1.5519936413829782	1554794531.1450858
4231	18	inc	p-s+	813	9423	emospace1	[0.6410858154296871, -0.6480743408203125]	1.6180678496621113	1554794548.6790886
4231	19	con	p+s+	110	8380	emospace1	[0.891243896484375, 0.0]	1.4517229559160114	1554794566.3651004
4231	20	inc	p+s-	502	8034	emospace1	[0, 0]	None	1554794584.1211157
4231	21	inc	p+s-	424	4651	emospace1	[0.0, 0.8356323242187506]	2.1524996533144076	1554794601.647118
4231	22	con	p-s-	288	9325	emospace1	[-0.5943817138671873, -0.6291839599609375]	1.5355324951624425	1554794619.146119
4231	23	inc	p-s+	365	6510	emospace1	[0, 0]	None	1554794636.6431198
4231	24	con	p+s+	367	5470	emospace1	[0.5810980224609372, -0.602044067382812]	1.0344948375259264	1554794654.165122
4231	25	inc	p+s-	293	2300	emospace1	[-0.6289117431640625, -0.60569580078125]	1.0679652245116813	1554794671.6711233
4231	26	inc	p-s+	200	3005	emospace1	[-0.8204711914062504, 0.0]	2.5360658818044612	1554794689.3811364
4231	27	inc	p-s+	109	3261	emospace1	[-0.8454785156249996, 0.0]	1.168029398998442	1554794706.984143
4231	28	con	p0s0	132	7249	emospace1	[0, 0]	None	1554794724.5651486
4231	29	inc	p-s+	216	3015	emospace1	[-0.8492254638671881, 0.0]	2.519397924445002	1554794742.1531549
4231	30	con	p+s+	205	9156	emospace1	[0.6442602539062497, -0.683314208984375]	1.601815915872976	1554794759.7411606
4231	31	con	p+s+	220	5623	emospace1	[0.015497436523437411, -0.9498175048828129]	6.323344565369553	1554794777.339167
4231	32	inc	p+s-	283	4659	emospace1	[-0.6246038818359374, -0.7052551269531249]	7.724637720310966	1554794794.9311733
4231	33	con	p0s0	425	7560	emospace1	[0.0, -0.8290173339843755]	1.5517466086275817	1554794812.5571814
4231	34	inc	p-s+	366	6263	emospace1	[0.0, -0.8415655517578126]	2.135667207558072	1554794830.134187
4231	35	con	p+s+	815	8370	emospace1	[0.7268206787109373, 0.6703265380859377]	1.6351383233350134	1554794847.6641893
4231	36	con	p-s-	277	3053	emospace1	[-0.6207739257812505, 0.6164190673828128]	2.8864720901010514	1554794865.169191
4231	37	con	p-s-	709	9163	emospace1	[0, 0]	None	1554794882.6661916
4231	38	inc	p+s-	277	4647	emospace1	[-0.8331463623046874, -0.03077758789062505]	3.3369190603025345	1554794900.171193
4231	39	con	p-s-	420	3005	emospace1	[-0.20642395019531248, -0.251260986328125]	2.9198986535366203	1554794917.7782
4231	40	inc	p-s+	367	9429	emospace1	[-0.009141845703125002, -0.5910894775390626]	7.474452971026949	1554794935.4072082
4231	41	con	p0s0	225	4279	emospace1	[0.2854742431640625, -0.36633422851562514]	3.053380686780656	1554794952.954212
4231	42	con	p-s-	134	8230	emospace1	[-0.46614379882812484, 0.0]	5.95621667083924	1554794970.4512126
4231	43	inc	p-s+	716	9184	emospace1	[-0.48394958496093776, -0.07825195312500001]	2.9531769372861163	1554794987.942213
4231	44	con	p-s-	291	1525	emospace1	[-0.5187622070312498, 0.171741943359375]	2.0188561332861354	1554795005.4472141
4231	45	con	p0s0	382	7079	emospace1	[0.0, -0.416669311523438]	4.321432237684348	1554795023.0442207
4231	46	inc	p-s+	601	3195	emospace1	[-0.41627563476562496, 0.0]	3.2701974040846835	1554795040.5412214
4231	47	con	p+s+	813	8034	emospace1	[0.0, -0.5053802490234375]	0.9177918213244993	1554795058.0232215
4231	48	inc	p+s-	422	4800	emospace1	[-0.4472064208984375, 0.082926025390625]	5.455717502585685	1554795075.5072215
4231	49	inc	p-s+	215	3101	emospace1	[-0.6844311523437504, 0.38248413085937527]	8.692348468066484	1554795093.0122228
4231	50	con	p0s0	358	2115	emospace1	[-0.3207958984375, 0.0]	3.27008664456298	1554795110.5302246
4231	51	inc	p+s-	420	8178	emospace1	[0, 0]	None	1554795128.1472323
4231	52	con	p+s+	366	7501	emospace1	[0.0, -0.5769641113281256]	7.958240358369039	1554795145.6822352
4231	53	con	p0s0	705	2309	emospace1	[0.6268566894531254, -0.7110406494140629]	6.873802281345888	1554795163.180236
4231	54	con	p0s0	724	6570	emospace1	[0.13047485351562504, -0.1362182617187499]	5.155132668295664	1554795180.6772368
4231	55	inc	p-s+	817	1525	emospace1	[0.2588812255859375, 0.0]	1.8186482415649152	1554795198.164237
4231	56	con	p0s0	728	2525	emospace1	[0.211739501953125, -0.1887261962890626]	2.9031148339117863	1554795215.6762385
4231	57	inc	p-s+	815	9622	emospace1	[0.6979187011718747, 0.22794616699218745]	4.488056281446006	1554795233.273245
4231	58	con	p+s+	200	4697	emospace1	[0.2107867431640625, 0.0]	5.956220873097664	1554795250.756245
4231	59	inc	p-s+	378	3120	emospace1	[-0.541912841796875, 0.0]	2.302483654716525	1554795268.4402566
