4542	60	con	p+s+	813	8034	emospace1	[0.4306591796875002, -0.28284667968749994]	5.666934110391594	1555420016.0207899
4542	61	con	p-s-	283	9184	emospace1	[-0.35253112792968755, 0.32672607421874994]	5.683648292593716	1555420033.4957893
4542	62	inc	p+s-	624	4652	emospace1	[0.4406256103515623, 0.19328796386718758]	3.9668141659312823	1555420050.972789
4542	63	inc	p-s+	216	3015	emospace1	[-0.4453179931640625, -0.4344311523437501]	1.1837836653394334	1555420068.459789
4542	64	con	p-s-	502	6231	emospace1	[-0.32406433105468757, 0.1545428466796875]	7.983719550888054	1555420085.9317882
4542	65	con	p-s-	713	6510	emospace1	[-0.2583624267578124, 0.10732299804687509]	8.100827484689944	1555420103.4097881
4542	66	inc	p-s+	365	6510	emospace1	[0.009149169921875016, 0.0]	7.650026924471604	1555420120.8767872
4542	67	inc	p+s-	241	8001	emospace1	[0, 0]	None	1555420138.3497865
4542	68	inc	p-s+	311	8230	emospace1	[0.3389550781249999, 0.4531311035156252]	3.8669628058123635	1555420155.825786
4542	69	inc	p+s-	420	8178	emospace1	[-0.3184429931640626, 0.3972265625]	4.20017487397854	1555420173.2927852
4542	70	con	p+s+	367	5470	emospace1	[0.47446289062500036, 0.15892639160156213]	7.183539934361761	1555420190.7597842
4542	71	inc	p-s+	378	3120	emospace1	[-0.5523468017578127, 0.3296972656249999]	2.950183728735283	1555420208.2267833
4542	72	inc	p-s+	716	9184	emospace1	[-0.1657922363281247, -0.44434387207031273]	7.950232354865875	1555420225.7007825
4542	73	inc	p+s-	424	4651	emospace1	[0.13961547851562509, 0.35520996093749996]	7.216888756018307	1555420243.1757822
4542	74	con	p-s-	289	6263	emospace1	[-0.44094543457031243, 0.2507879638671876]	1.7004216065724904	1555420260.6517818
4542	75	con	p+s+	202	4668	emospace1	[0.4962237548828127, 0.559901733398438]	8.23353390111879	1555420278.136782
4542	76	con	p+s+	110	8380	emospace1	[0.6692504882812502, 0.6785040283203125]	5.433586609444319	1555420295.6137815
4542	77	con	p0s0	425	7560	emospace1	[0.0, -0.5660137939453127]	0.7168245214961644	1555420313.0787804
4542	78	con	p-s-	291	1525	emospace1	[-0.5545513916015625, 0.38719177246093744]	2.000252135498158	1555420330.5437794
4542	79	inc	p-s+	367	9429	emospace1	[-0.24984680175781293, -0.27713439941406265]	8.31688449372814	1555420348.0127785
4542	80	inc	p+s-	501	4656	emospace1	[0.1964892578124999, 0.2034429931640625]	4.866966107587359	1555420365.4807777
4542	81	con	p+s+	352	8186	emospace1	[0.0, -0.3199884033203126]	0.8169613350219151	1555420382.9487767
4542	82	inc	p+s-	713	7501	emospace1	[0.61105224609375, -0.41672241210937505]	4.133552871313441	1555420400.4147758
4542	83	con	p-s-	260	3102	emospace1	[-0.6135955810546878, 0.41422485351562516]	6.133046499187913	1555420417.880775
4542	84	inc	p+s-	291	5621	emospace1	[0.5898211669921878, 0.19393615722656254]	7.667337827348092	1555420435.3657749
4542	85	con	p0s0	170	1112	emospace1	[-0.09059204101562501, -0.33999084472656244]	6.267064620526071	1555420452.831774
4542	86	inc	p-s+	201	9163	emospace1	[0.13014709472656252, 0.24938842773437508]	5.716884553759883	1555420470.3037732
4542	87	con	p-s-	288	9325	emospace1	[-0.5135968017578127, 0.3106152343750001]	4.016867564627319	1555420487.7717724
4542	88	con	p-s-	255	3063	emospace1	[-0.6495550537109374, 0.6614318847656252]	6.333644000285858	1555420505.2347713
4542	89	inc	p-s+	817	1525	emospace1	[-0.3037518310546875, 0.13422119140625002]	1.3335362423786137	1555420522.7017703
4542	90	con	p+s+	366	7501	emospace1	[0.5549951171875006, -0.2980853271484375]	4.80030358314616	1555420540.1677692
4542	91	inc	p+s-	709	8193	emospace1	[0.0, 0.3262646484375]	1.233601737574645	1555420557.633768
4542	92	inc	p+s-	293	2300	emospace1	[0.31204895019531254, -0.262056884765625]	1.566953080586245	1555420575.1337693
4542	93	con	p-s-	420	3005	emospace1	[-0.6681256103515629, 0.22282165527343756]	2.4170579269302834	1555420592.6047685
4542	94	con	p+s+	716	4652	emospace1	[0.4788781738281244, 0.5251550292968759]	3.517188737227116	1555420610.0697675
4542	95	inc	p-s+	352	6231	emospace1	[-0.21013122558593766, 0.11515808105468751]	5.884195366586937	1555420627.5457668
4542	96	inc	p+s-	310	8470	emospace1	[-0.24495056152343758, 0.3737567138671876]	8.933668553479947	1555420645.0217664
4542	97	con	p0s0	377	6010	emospace1	[-0.6382263183593755, 0.201409912109375]	1.3004356541205198	1555420662.4857655
4542	98	con	p0s0	120	1945	emospace1	[-0.5945452880859379, 0.32316406250000007]	3.3502204084470577	1555420679.9557645
4542	99	inc	p-s+	110	6213	emospace1	[0.29186767578124995, 0.3987091064453124]	5.417068732735061	1555420697.4207637
4542	100	inc	p+s-	277	4647	emospace1	[0.163218994140625, 0.40097045898437506]	5.700346266083216	1555420714.8957632
4542	101	inc	p-s+	360	6230	emospace1	[-0.3536004638671874, -0.21729431152343756]	6.833612783510034	1555420732.3897636
4542	102	con	p+s+	220	5623	emospace1	[0.5142736816406249, -0.35871704101562496]	1.716967398278939	1555420749.8587627
4542	103	inc	p+s-	255	9156	emospace1	[-0.47813842773437526, 0.47579223632812506]	1.4834470044188492	1555420767.3227618
4542	104	inc	p+s-	422	4800	emospace1	[0.24332641601562505, 0.3339080810546875]	0.9169669780567347	1555420784.7907608
4542	105	inc	p+s-	719	5215	emospace1	[-0.7242297363281252, 0.8645428466796878]	7.833631093348231	1555420802.2847614
4542	106	con	p0s0	104	2810	emospace1	[-0.36634826660156256, 0.20789611816406262]	8.517116398350481	1555420819.758761
4542	107	con	p0s0	368	7595	emospace1	[0, 0]	None	1555420837.2247598
4542	108	inc	p+s-	289	8186	emospace1	[-0.34265625, -0.22051818847656243]	5.867083470657235	1555420854.691759
4542	109	con	p-s-	106	6213	emospace1	[-0.38343811035156256, -0.2399920654296876]	1.116783459430735	1555420872.157758
4542	110	inc	p+s-	699	8380	emospace1	[0.33951416015625, 0.48346618652343765]	2.9835460576505284	1555420889.6297572
4542	111	inc	p+s-	134	4660	emospace1	[0.2953887939453125, 0.0]	3.6170337939583987	1555420907.0957563
4542	112	con	p0s0	373	9402	emospace1	[-0.46875427246093754, -0.19919921875000002]	3.167444684771908	1555420924.5627553
4542	113	inc	p+s-	106	7405	emospace1	[-0.48297607421874994, 0.1868829345703125]	3.1160072422935627	1555420942.0317545
4542	114	inc	p-s+	205	9253	emospace1	[-0.5746820068359377, 0.5443902587890628]	2.7835542820685077	1555420959.4947534
4542	115	con	p0s0	728	2525	emospace1	[-0.4318994140625, 0.0]	4.00026174066079	1555420976.9697528
4542	116	con	p0s0	152	9468	emospace1	[-0.5047595214843751, 0.0037176513671874955]	4.350201198125433	1555420994.4497526
4542	117	con	p0s0	723	9926	emospace1	[0.310626220703125, 0.5407879638671876]	1.7337079946773883	1555421011.9127517
4542	118	con	p-s-	241	3010	emospace1	[-0.5465625000000004, 0.36703735351562494]	1.6335426658297365	1555421029.3827507
4542	119	con	p+s+	205	9156	emospace1	[0.45491027832031256, 0.5139129638671878]	1.2836887543344346	1555421046.8487499
