4624	60	inc	p+s-	283	4659	emospace1	[0.244754638671875, -0.1468896484375]	1.433988519533159	1555497769.8511193
4624	61	con	p-s-	624	9902	emospace1	[-0.6296875000000002, 0.5578125000000004]	0.7335600131100364	1555497787.3181195
4624	62	inc	p+s-	260	4490	emospace1	[-0.1023925781249999, -0.9802191162109375]	4.466845681257837	1555497804.7851193
4624	63	inc	p+s-	709	8193	emospace1	[-0.2721905517578126, -0.5225207519531251]	4.383607498202764	1555497822.2491193
4624	64	con	p-s-	713	6510	emospace1	[0.0013372802734374911, -0.6503692626953125]	4.166981833201135	1555497839.7141194
4624	65	inc	p+s-	293	2300	emospace1	[0.2627001953125, -0.1776666259765625]	1.6001956433774467	1555497857.1971192
4624	66	inc	p+s-	241	8001	emospace1	[-0.7375128173828126, -0.008148193359375134]	2.3501034946857544	1555497874.6721194
4624	67	con	p+s+	205	9156	emospace1	[-0.5893322753906247, 0.15867248535156278]	5.750564598332858	1555497892.1491191
4624	68	con	p-s-	289	6263	emospace1	[-0.14853515625000005, -0.5892993164062501]	8.183710872825031	1555497909.6171193
4624	69	con	p-s-	241	3010	emospace1	[-0.623975830078125, 0.5878253173828126]	5.666896287997588	1555497927.0801194
4624	70	con	p0s0	170	1112	emospace1	[-0.6523535156249997, -0.48028015136718755]	2.2501134599515353	1555497944.5451193
4624	71	con	p-s-	420	3005	emospace1	[-0.5904718017578126, 0.5746899414062498]	1.3834760287336394	1555497962.0101194
4624	72	con	p-s-	501	3195	emospace1	[-0.6709411621093753, 0.6911004638671875]	1.0166191815751517	1555497979.4841192
4624	73	con	p0s0	425	7560	emospace1	[-0.0020172119140625293, -0.8865289306640626]	3.6335990937623137	1555497996.9601192
4624	74	con	p-s-	134	8230	emospace1	[-0.8597534179687498, -0.029709472656250152]	2.917480396641622	1555498014.4241192
4624	75	inc	p-s+	820	6821	emospace1	[0.6399877929687502, -0.6136322021484374]	1.0001713905621727	1555498031.8931193
4624	76	inc	p+s-	106	7405	emospace1	[-0.6016125488281245, -0.6785034179687501]	5.117029738514248	1555498049.3631194
4624	77	con	p0s0	382	7079	emospace1	[0.009625854492187547, -0.8993261718749986]	4.966906013138214	1555498066.8301194
4624	78	inc	p+s-	699	8380	emospace1	[-0.6817535400390621, 0.6138189697265629]	6.3834658233408845	1555498084.2931192
4624	79	con	p+s+	110	8380	emospace1	[0.003806152343749973, 0.0018829345703127009]	1.8669432928363676	1555498101.7591193
4624	80	con	p0s0	358	2115	emospace1	[-0.6376654052734375, 0.6355603027343754]	3.883464022390399	1555498119.2351193
4624	81	inc	p+s-	422	4800	emospace1	[0.641260986328125, -0.6595031738281247]	1.5167899718217086	1555498136.7061195
4624	82	inc	p-s+	808	3010	emospace1	[-0.34807739257812514, 1.0]	2.06709445271008	1555498154.1731193
4624	83	con	p-s-	625	6250	emospace1	[-0.8798449707031251, -0.008565673828125016]	2.566883141051221	1555498171.6401193
4624	84	con	p0s0	132	7249	emospace1	[0.0028521728515625037, 0.007105712890625307]	7.966928525032927	1555498189.1081192
4624	85	inc	p+s-	255	9156	emospace1	[-0.6405572509765622, -0.6682348632812503]	1.2835082057354157	1555498206.5701194
4624	86	con	p+s+	352	8186	emospace1	[0.6491918945312499, -0.6468060302734377]	1.4003827622509561	1555498224.0361192
4624	87	con	p+s+	817	8470	emospace1	[0.8753167724609375, -0.0024249267578124994]	2.7669841744373116	1555498241.5041194
4624	88	inc	p-s+	360	6230	emospace1	[-0.6348016357421874, 0.6380535888671875]	1.6001953432205482	1555498258.9701195
4624	89	inc	p-s+	201	9163	emospace1	[-0.00030883789062493075, 0.002237548828125024]	5.150361150832396	1555498276.4381194
4624	90	inc	p+s-	713	7501	emospace1	[0.0, -0.8703375244140626]	1.6835331789316115	1555498293.9011192
4624	91	con	p+s+	220	5623	emospace1	[0.8888659667968751, 0.0017187500000000076]	4.483459459977894	1555498311.3671193
4624	92	con	p-s-	288	9325	emospace1	[-0.6470574951171877, 0.6451171875000006]	4.867014730583833	1555498328.8381195
4624	93	inc	p-s+	205	9253	emospace1	[-0.6308459472656248, -0.6620776367187501]	1.7333712133477093	1555498346.3011193
4624	94	inc	p+s-	290	4697	emospace1	[-0.6310034179687498, 0.6320104980468751]	3.283581144276468	1555498363.7691193
4624	95	con	p0s0	130	7092	emospace1	[-0.8690887451171883, -0.014355468749999902]	4.017069119323423	1555498381.2381194
4624	96	con	p+s+	367	5470	emospace1	[0.8900781250000005, -0.0014007568359374828]	4.333586066877615	1555498398.7141194
4624	97	inc	p+s-	420	8178	emospace1	[-0.8798785400390651, -0.006256103515625272]	4.350085185011267	1555498416.1791193
4624	98	inc	p-s+	210	3102	emospace1	[-0.6334655761718752, 0.6195446777343749]	1.1494270572584355	1555498433.6451192
4624	99	inc	p-s+	378	3120	emospace1	[-0.6432373046875001, 0.6435974121093749]	1.1002187555895944	1555498451.1121192
4624	100	inc	p-s+	110	6213	emospace1	[-0.11709472656249995, -0.870206298828125]	4.200213893020191	1555498468.5791194
4624	101	inc	p-s+	813	9423	emospace1	[-0.8787500000000003, -0.0322308349609375]	0.7844606089875015	1555498486.0461195
4624	102	con	p-s-	711	3261	emospace1	[-0.6495349121093748, 0.6505249023437505]	2.650254894686441	1555498503.5111194
4624	103	con	p+s+	355	8178	emospace1	[0.9034124755859374, -0.018472290039062336]	8.466944133278957	1555498520.9751194
4624	104	inc	p+s-	295	5623	emospace1	[-0.6371771240234375, -0.672679443359375]	1.9501307490882027	1555498538.4421194
4624	105	inc	p+s-	624	4652	emospace1	[0.08921569824218722, 0.8867797851562502]	8.750235924660956	1555498555.9071193
4624	106	inc	p+s-	502	8034	emospace1	[-0.8071148681640634, -0.0169891357421875]	6.00033257573341	1555498573.3761194
4624	107	con	p+s+	813	8034	emospace1	[0.0, -0.8935656738281252]	0.766783368331744	1555498590.8411193
4624	108	inc	p-s+	716	9184	emospace1	[-0.6296496582031256, -0.6427703857421875]	2.434427651571241	1555498608.3111193
4624	109	inc	p-s+	365	6510	emospace1	[-0.8807232666015631, -0.02743591308593798]	2.266818486888951	1555498625.7711194
4624	110	inc	p-s+	216	3015	emospace1	[-0.6491229248046876, 0.6212512207031251]	1.100198644964621	1555498643.2561193
4624	111	inc	p-s+	215	3101	emospace1	[-0.6425030517578125, 0.61984619140625]	1.700277826803358	1555498660.7211192
4624	112	con	p-s-	106	6213	emospace1	[-0.8890911865234379, -0.03314636230468751]	1.7001352514671453	1555498678.1861193
4624	113	inc	p+s-	424	4651	emospace1	[0.645111083984375, -0.6478179931640625]	2.0503134856444376	1555498695.6541195
4624	114	inc	p-s+	202	9902	emospace1	[0.008730468750000001, 0.877505493164062]	0.9503300544001831	1555498713.1231194
4624	115	inc	p+s-	423	5270	emospace1	[0.004692382812499958, -0.9067633056640628]	4.250240126883	1555498730.5861194
4624	116	con	p0s0	322	9635	emospace1	[0.6561401367187498, -0.6758245849609371]	5.7669127366898465	1555498748.0511193
4624	117	inc	p-s+	610	3063	emospace1	[-0.6525024414062498, 0.6467419433593751]	1.2335438045465708	1555498765.5341194
4624	118	con	p0s0	361	7632	emospace1	[0.8775903320312498, -0.00920288085937499]	1.1169315866500256	1555498783.0071194
4624	119	inc	p+s-	276	8341	emospace1	[-0.5963574218749998, -0.6436126708984378]	1.6179239109951595	1555498800.4841192
