5099	0	con	p+s+	205	9156	emospace1	[0.6207763671875003, 0.6222833251953126]	3.201091866769275	1554902640.8863013
5099	1	con	p+s+	220	5623	emospace1	[0.6372155761718752, 0.6265710449218752]	4.450398644228699	1554902658.3533003
5099	2	con	p+s+	355	8178	emospace1	[0.8596588134765627, -0.0084124755859375]	2.7002523155970266	1554902675.8363004
5099	3	inc	p-s+	815	9622	emospace1	[0.0, 0.8523455810546878]	1.2827387438010192	1554902693.302299
5099	4	inc	p+s-	713	7501	emospace1	[-0.8617199707031257, 0.0]	3.350161576832761	1554902710.7712984
5099	5	con	p+s+	352	8186	emospace1	[0.020572509765624962, -0.8945928955078122]	5.667009450877231	1554902728.2402976
5099	6	con	p0s0	373	9402	emospace1	[-0.65297119140625, -0.6793469238281248]	4.283731077081029	1554902745.7072966
5099	7	con	p0s0	377	6010	emospace1	[-0.6440057373046875, 0.6476947021484377]	4.400331438111607	1554902763.1722956
5099	8	con	p+s+	215	4651	emospace1	[0.8636248779296877, 0.0]	2.4002320847212104	1554902780.6372945
5099	9	con	p0s0	705	2309	emospace1	[0.6168841552734378, 0.6136029052734375]	2.333626891089807	1554902798.1132941
5099	10	inc	p-s+	367	9429	emospace1	[-0.6401464843750003, -0.6610858154296869]	9.001263679103431	1554902815.5892937
5099	11	con	p-s-	709	9163	emospace1	[-0.6731298828125, 0.6423480224609374]	2.1669686289424135	1554902833.0612931
5099	12	inc	p+s-	295	5623	emospace1	[-0.009532470703125, -0.9060046386718751]	3.2172096284521103	1554902850.526292
5099	13	inc	p-s+	415	9325	emospace1	[-0.0012945556640624693, 0.886014404296875]	8.050220888708282	1554902867.9962912
5099	14	inc	p+s-	699	8380	emospace1	[0.9041204833984374, -0.0035461425781249936]	4.067000506071054	1554902885.4762912
5099	15	inc	p+s-	289	8186	emospace1	[-0.896177368164063, -0.0036773681640624983]	7.717818655746669	1554902902.9442902
5099	16	inc	p+s-	293	2300	emospace1	[0.0041265869140625, -0.8846221923828127]	4.199670903144579	1554902920.4212897
5099	17	inc	p-s+	610	3063	emospace1	[-0.6387530517578126, 0.6565667724609375]	1.3670147337179515	1554902937.8952892
5099	18	inc	p+s-	277	4647	emospace1	[-0.887815551757813, 0.0]	1.9168691254672012	1554902955.3672886
5099	19	con	p-s-	423	2683	emospace1	[-0.8952960205078119, 0.012825927734374819]	6.017198942714458	1554902972.8462882
5099	20	inc	p-s+	378	3120	emospace1	[-0.6440142822265624, -0.6544293212890626]	1.8501576747330546	1554902990.3112874
5099	21	con	p0s0	104	2810	emospace1	[0.6350726318359371, -0.6579046630859373]	2.4668603907739453	1554903007.7792864
5099	22	con	p-s-	501	3195	emospace1	[0.008693237304687483, -0.8886914062499998]	6.766960764714895	1554903025.2492855
5099	23	inc	p+s-	276	8341	emospace1	[-0.009102783203124755, 0.9014392089843746]	6.500334379696142	1554903042.7122843
5099	24	con	p0s0	170	1112	emospace1	[0.0, -0.9247338867187501]	1.3669162808073452	1554903060.1802833
5099	25	con	p-s-	624	9902	emospace1	[-0.6096679687499995, -0.6678576660156252]	5.117041297991818	1554903077.6492825
5099	26	con	p0s0	425	7560	emospace1	[0.6486456298828123, -0.6483087158203122]	7.267016294554196	1554903095.1142814
5099	27	inc	p+s-	260	4490	emospace1	[-0.6425048828125002, 0.6424871826171876]	2.4836913357248704	1554903112.5812805
5099	28	inc	p+s-	703	4611	emospace1	[0.6313708496093752, -0.6374395751953125]	4.050243100642547	1554903130.0482798
5099	29	inc	p+s-	241	8001	emospace1	[0.020499267578125004, -0.8905371093750003]	2.7837283756307443	1554903147.5222793
5099	30	inc	p-s+	200	3005	emospace1	[-0.6526629638671876, 0.6412542724609377]	2.416927957085136	1554903164.9992788
5099	31	con	p-s-	289	6263	emospace1	[-0.4701696777343751, 0.4812585449218751]	2.0836882740804867	1554903182.4712782
5099	32	inc	p-s+	110	6213	emospace1	[-0.5278143310546876, -0.49696655273437484]	2.4340554614063876	1554903199.9482777
5099	33	con	p-s-	241	3010	emospace1	[-0.6365716552734375, 0.3559442138671875]	3.350172082478821	1554903217.4152768
5099	34	con	p0s0	322	9635	emospace1	[0.0, -0.8904504394531252]	2.2837484864357975	1554903234.8832757
5099	35	inc	p+s-	624	4652	emospace1	[0.011079711914062505, -0.8483923339843751]	6.050423497588781	1554903252.3662758
5099	36	inc	p-s+	216	3015	emospace1	[-0.657344970703125, 0.6353186035156251]	1.5168033301088144	1554903269.835275
5099	37	con	p+s+	817	8470	emospace1	[0.7760205078125, 0.253284912109375]	2.9001324311684584	1554903287.300274
5099	38	inc	p+s-	310	8470	emospace1	[0.6045849609375, 0.5711242675781251]	3.166774724737479	1554903304.769273
5099	39	inc	p-s+	813	9423	emospace1	[-0.6204785156250002, -0.10825683593750003]	4.083695477947913	1554903322.236272
5099	40	inc	p-s+	365	6510	emospace1	[-0.531844482421875, -0.5953826904296876]	1.8002198381400376	1554903339.7032714
5099	41	inc	p+s-	423	5270	emospace1	[0, 0]	None	1554903357.1692703
5099	42	inc	p+s-	255	9156	emospace1	[0.0029156494140625006, 0.5678314208984376]	4.967218183053774	1554903374.6562705
5099	43	inc	p+s-	709	8193	emospace1	[-0.002058105468750006, -0.3513623046875001]	8.683628481943742	1554903392.1202693
5099	44	inc	p-s+	311	8230	emospace1	[-0.3198455810546875, -0.28094299316406257]	1.4668339765776182	1554903409.5842683
5099	45	inc	p-s+	352	6231	emospace1	[-0.4904815673828125, 0.0]	3.1003052040141483	1554903427.0652683
5099	46	inc	p-s+	220	2683	emospace1	[-0.7971459960937498, 0.3176690673828125]	4.733651564351021	1554903444.5392675
5099	47	inc	p+s-	719	5215	emospace1	[-0.6254742431640627, 0.6124035644531249]	2.416996994186775	1554903462.0192673
5099	48	con	p+s+	815	8370	emospace1	[0.7582995605468754, 0.3432641601562506]	7.1669245052289625	1554903479.4902666
5099	49	con	p-s-	719	6821	emospace1	[-0.5128247070312502, 0.24763977050781252]	3.533608161025768	1554903496.9552655
5099	50	con	p0s0	120	1945	emospace1	[-0.2726605224609376, -0.22872619628906252]	0.7335747230572451	1554903514.4252648
5099	51	inc	p-s+	109	3261	emospace1	[-0.6572967529296876, 0.5934521484375]	8.866955301778944	1554903531.8922637
5099	52	inc	p+s-	283	4659	emospace1	[-0.29484863281250007, 0.1318780517578125]	2.833570760925795	1554903549.3602629
5099	53	con	p-s-	502	6231	emospace1	[-0.08686767578124999, -0.06263000488281244]	5.451011873781681	1554903566.8322625
5099	54	con	p+s+	367	5470	emospace1	[0.6570806884765626, -0.013211059570312489]	4.8001685105591605	1554903584.310262
5099	55	con	p+s+	360	4656	emospace1	[0.13021484374999998, -0.31364013671875]	4.483868130733754	1554903601.776261
5099	56	inc	p+s-	288	4668	emospace1	[0.3564990234375, 0.22681823730468742]	3.0503562614539987	1554903619.2512605
5099	57	inc	p+s-	502	8034	emospace1	[0.5782019042968755, 0.6700720214843747]	2.4002464924669766	1554903636.72826
5099	58	inc	p+s-	424	4651	emospace1	[0.27999389648437506, -0.145709228515625]	3.4171695869335963	1554903654.192259
5099	59	con	p+s+	808	8341	emospace1	[0.6474389648437502, 0.6398468017578128]	1.416802789819485	1554903671.660258
