5900	0	con	p-s-	106	6213	emospace1	[-1.0, -0.20158386230468753]	6.617077317350777	1554818374.506198
5900	1	con	p0s0	425	7560	emospace1	[1.0, 0.10532287597656252]	4.833869421428972	1554818391.976197
5900	2	inc	p-s+	415	9325	emospace1	[-1.0, -0.46173156738281274]	3.516891277369723	1554818409.4451964
5900	3	inc	p+s-	713	7501	emospace1	[1.0, 0.6571710205078127]	4.50024613226924	1554818426.925196
5900	4	con	p0s0	120	1945	emospace1	[1.0, 0.138299560546875]	3.749983341047482	1554818444.392195
5900	5	inc	p+s-	277	4647	emospace1	[-1.0, -0.15877441406249998]	6.717100069578009	1554818461.8621945
5900	6	con	p-s-	277	3053	emospace1	[-1.0, -0.4771258544921873]	4.7170268302179466	1554818479.3511946
5900	7	inc	p-s+	820	6821	emospace1	[0.026819458007812484, -0.007400512695312455]	6.833672515611397	1554818496.8421953
5900	8	con	p+s+	815	8370	emospace1	[1.0, 0.6987414550781248]	2.650137383829133	1554818514.3101943
5900	9	inc	p-s+	216	3015	emospace1	[-1.0, -0.48357482910156213]	3.1502478431903	1554818531.7791934
5900	10	inc	p+s-	502	8034	emospace1	[-0.010567626953125398, -1.0]	7.650457055620791	1554818549.2471926
5900	11	inc	p-s+	201	9163	emospace1	[-0.24989440917968747, -0.2168212890625]	4.883492688972183	1554818566.7151916
5900	12	inc	p+s-	310	8470	emospace1	[0.16633605957031236, -0.21538085937499996]	4.017023948668793	1554818584.1941915
5900	13	inc	p-s+	366	6263	emospace1	[-0.4846734619140627, 0.7223089599609378]	4.516899681890209	1554818601.6681907
5900	14	con	p-s-	624	9902	emospace1	[-0.9834429931640621, -0.2428515625]	3.933592312510882	1554818619.1461906
5900	15	con	p0s0	225	4279	emospace1	[1.0, 0.05778930664062504]	4.8503875982969475	1554818636.6111896
5900	16	con	p-s-	423	2683	emospace1	[0.3289440917968743, 0.24344482421875]	3.700238508175971	1554818654.0831888
5900	17	inc	p-s+	808	3010	emospace1	[-0.027357177734375016, -0.09711120605468751]	7.116817077498126	1554818671.5461874
5900	18	inc	p+s-	423	5270	emospace1	[0, 0]	None	1554818689.013187
5900	19	con	p+s+	367	5470	emospace1	[0.8237872314453124, 0.17970214843750001]	4.983731557338615	1554818706.497187
5900	20	inc	p-s+	311	8230	emospace1	[0.4091931152343749, 0.24768615722656243]	3.2671669755327457	1554818723.9621856
5900	21	con	p0s0	724	6570	emospace1	[0.28268981933593756, -0.32475708007812515]	3.5168297443051415	1554818741.4291847
5900	22	con	p0s0	720	7046	emospace1	[-0.08969421386718748, -0.5042687988281249]	6.050694843408564	1554818758.8971837
5900	23	inc	p+s-	290	4697	emospace1	[0.4126953124999999, 0.3098730468750001]	2.6168912173416174	1554818776.3711834
5900	24	con	p+s+	352	8186	emospace1	[0.5541137695312504, 0.19173889160156246]	2.4834007795798243	1554818793.849183
5900	25	con	p0s0	130	7092	emospace1	[-0.10816467285156253, -0.28457153320312506]	4.967801996790513	1554818811.3271825
5900	26	con	p0s0	377	6010	emospace1	[0.0, -0.172056884765625]	3.4345537291737855	1554818828.7991822
5900	27	inc	p+s-	260	4490	emospace1	[-0.09900085449218753, -0.15428222656249996]	8.100379644019995	1554818846.2671812
5900	28	con	p+s+	415	4490	emospace1	[0.3396032714843747, 0.01964965820312522]	3.516832145593071	1554818863.7351804
5900	29	con	p0s0	132	7249	emospace1	[0, 0]	None	1554818881.2041795
5900	30	inc	p-s+	204	3053	emospace1	[-0.7980395507812499, 0.1670428466796875]	6.733721201773733	1554818898.6811788
5900	31	con	p0s0	705	2309	emospace1	[-0.157711181640625, -0.1579327392578125]	3.5835700105235446	1554818916.1571786
5900	32	con	p+s+	202	4668	emospace1	[1.0, 1.0]	3.617036795574677	1554818933.6461787
5900	33	con	p-s-	420	3005	emospace1	[-0.5215307617187501, -0.2682073974609374]	4.800309586371441	1554818951.1181784
5900	34	con	p0s0	322	9635	emospace1	[0.0025628662109375023, -0.46908264160156254]	6.000343384534062	1554818968.5881774
5900	35	con	p-s-	260	3102	emospace1	[-0.7261212158203125, -0.18078735351562505]	4.3835779347828066	1554818986.0551765
5900	36	inc	p+s-	241	8001	emospace1	[-0.11016662597656252, -0.1157098388671875]	1.9834602115188318	1554819003.530176
5900	37	inc	p-s+	367	9429	emospace1	[-0.16469177246093752, 0.0]	2.7168098135953187	1554819021.0051756
5900	38	con	p0s0	382	7079	emospace1	[0.0, -0.30935852050781265]	4.800201528301841	1554819038.4791749
5900	39	inc	p+s-	719	5215	emospace1	[-0.06586486816406258, -0.22062866210937496]	4.81709670777127	1554819055.9691753
5900	40	inc	p-s+	205	9253	emospace1	[-0.6242980957031252, 0.16297119140625]	5.6503877183604345	1554819073.4421747
5900	41	con	p+s+	716	4652	emospace1	[1.0, 0.7739245605468748]	2.9335869096066745	1554819090.9081738
5900	42	inc	p-s+	210	3102	emospace1	[-0.7409503173828127, -0.2884033203125]	2.133508147278917	1554819108.3921738
5900	43	con	p-s-	719	6821	emospace1	[-0.2937738037109376, -0.25983154296875005]	4.21680891311189	1554819125.8591728
5900	44	inc	p-s+	601	3195	emospace1	[-0.0757904052734375, -0.09142578125000002]	3.2834822433578665	1554819143.328172
5900	45	con	p-s-	288	9325	emospace1	[-0.6676428222656248, 0.3554736328125]	4.849982680691028	1554819160.797171
5900	46	con	p0s0	373	9402	emospace1	[-0.21427551269531248, -0.136094970703125]	5.483399879096396	1554819178.2741709
5900	47	inc	p+s-	295	5623	emospace1	[0.3707867431640627, -0.156185302734375]	3.283698359497066	1554819195.74517
5900	48	inc	p+s-	625	5470	emospace1	[0.32296264648437484, 0.1316217041015625]	4.916751762397325	1554819213.2261698
5900	49	con	p-s-	255	3063	emospace1	[-1.0, -0.9534637451171873]	3.2161326496861875	1554819230.692169
5900	50	inc	p+s-	709	8193	emospace1	[0.3739868164062501, 0.3820648193359375]	3.1834997127480165	1554819248.1621683
5900	51	con	p0s0	104	2810	emospace1	[0.21017028808593752, -0.1769140625]	4.250253186062764	1554819265.629167
5900	52	con	p+s+	220	5623	emospace1	[0.3267315673828126, 0.5217285156250001]	2.866887765485444	1554819283.0961664
5900	53	inc	p-s+	352	6231	emospace1	[-0.020930786132812504, 0.13005371093750004]	8.900329036823678	1554819300.572166
5900	54	con	p0s0	728	2525	emospace1	[-0.3168780517578126, 0.0]	2.800503490576375	1554819318.0521657
5900	55	con	p+s+	360	4656	emospace1	[0.35364257812500005, -0.0126983642578125]	0.8668769596806669	1554819335.5461662
5900	56	inc	p-s+	716	9184	emospace1	[0.23986877441406249, -0.07706604003906252]	5.917054324992932	1554819353.0171657
5900	57	inc	p+s-	134	4660	emospace1	[0.38649780273437506, 0.0981378173828125]	2.6169965739572945	1554819370.4971652
5900	58	inc	p+s-	293	2300	emospace1	[0.206502685546875, 0.035715332031249984]	3.433543086051941	1554819387.979165
5900	59	con	p0s0	361	7632	emospace1	[0.05443115234375, 0.0]	6.783512559650262	1554819405.455165
