5924	0	inc	p+s-	255	9156	emospace1	[-0.6134375000000004, -0.7030047607421875]	0.7669058351966669	1555423590.732044
5924	1	con	p0s0	120	1945	emospace1	[0.8815600585937502, 0.0]	1.3836619799476466	1555423608.2180445
5924	2	inc	p-s+	817	1525	emospace1	[-0.6223474121093752, 0.7053155517578125]	2.0834601514870883	1555423625.682043
5924	3	con	p+s+	202	4668	emospace1	[0.9256884765625002, 0.0]	3.9836799295917444	1555423643.161043
5924	4	inc	p-s+	351	6250	emospace1	[0.6418841552734375, -0.7229931640624999]	5.083674166497076	1555423660.633042
5924	5	inc	p-s+	415	9325	emospace1	[0.7137957763671879, 0.6534399414062501]	1.650091158990108	1555423678.1030416
5924	6	inc	p-s+	815	9622	emospace1	[-0.041043701171875, 0.8721893310546879]	1.4669060152918973	1555423695.5670404
5924	7	inc	p+s-	711	8130	emospace1	[0.0, -0.829178466796875]	4.366964306620503	1555423713.0340393
5924	8	inc	p+s-	501	4656	emospace1	[0.012067260742187426, 0.8699237060546877]	6.400203269236954	1555423730.5020385
5924	9	con	p+s+	352	8186	emospace1	[0.7312481689453131, 0.6576666259765626]	1.53354062472863	1555423747.9700375
5924	10	con	p+s+	815	8370	emospace1	[0.6444256591796871, 0.5884460449218754]	2.583545397294074	1555423765.4370368
5924	11	con	p-s-	502	6231	emospace1	[-0.6357183837890626, 0.680313720703125]	3.433591712186171	1555423782.9110363
5924	12	inc	p-s+	109	3261	emospace1	[-0.8465710449218753, 0.0]	3.3502273121594044	1555423800.3880358
5924	13	con	p-s-	289	6263	emospace1	[-0.5376586914062501, 0.6685961914062498]	1.816065653682017	1555423817.857035
5924	14	con	p+s+	817	8470	emospace1	[0.9171075439453127, 0.0003723144531250031]	4.466979854973033	1555423835.3190336
5924	15	inc	p-s+	820	6821	emospace1	[0.7168212890625, -0.6673919677734375]	2.566920363002282	1555423852.7900329
5924	16	inc	p+s-	289	8186	emospace1	[-0.8446905517578126, 0.0]	2.0170092407679476	1555423870.258032
5924	17	inc	p-s+	210	3102	emospace1	[-0.6507904052734371, 0.6846954345703122]	4.833661109481909	1555423887.723031
5924	18	con	p0s0	724	6570	emospace1	[0.5842669677734372, 0.6578192138671878]	1.5336363761889515	1555423905.18903
5924	19	inc	p+s-	290	4697	emospace1	[-0.5889025878906249, 0.6135174560546874]	3.5503460559702944	1555423922.6600292
5924	20	con	p-s-	709	9163	emospace1	[-0.6337524414062499, 0.6654705810546876]	1.1168383889526012	1555423940.1450293
5924	21	con	p0s0	132	7249	emospace1	[0.63330810546875, -0.6434698486328126]	2.650182408026012	1555423957.6300297
5924	22	inc	p-s+	813	9423	emospace1	[-0.6450469970703125, -0.683785400390625]	2.100192343365052	1555423975.1120296
5924	23	inc	p-s+	215	3101	emospace1	[-0.919380493164063, 0.0]	2.183529128553346	1555423992.592029
5924	24	con	p0s0	723	9926	emospace1	[-0.006437377929687136, -0.8783386230468749]	4.933738491065014	1555424010.0560281
5924	25	con	p0s0	728	2525	emospace1	[-0.6115246582031252, -0.6547375488281252]	2.600261680629046	1555424027.5330276
5924	26	con	p0s0	152	9468	emospace1	[0.6940063476562496, -0.6345910644531249]	2.38370370236953	1555424045.0140276
5924	27	con	p+s+	366	7501	emospace1	[0.6611059570312506, 0.5681732177734377]	2.383991256898298	1555424062.4940276
5924	28	con	p+s+	367	5470	emospace1	[0.5906219482421877, 0.6839093017578127]	2.683561245812598	1555424079.9600263
5924	29	inc	p-s+	204	3053	emospace1	[-0.6486340332031245, 0.6772503662109375]	4.400281911497586	1555424097.439026
5924	30	con	p+s+	201	4800	emospace1	[0.6191918945312502, 0.6348529052734375]	2.600439676283713	1555424114.9120257
5924	31	inc	p+s-	310	8470	emospace1	[0.66608642578125, 0.5675006103515626]	2.350129459573509	1555424132.3770244
5924	32	inc	p+s-	295	5623	emospace1	[-0.6821557617187503, -0.6084552001953127]	5.73363955790046	1555424149.8460238
5924	33	inc	p+s-	277	4647	emospace1	[0.6566937255859377, 0.6509436035156251]	1.7498392636225617	1555424167.318023
5924	34	con	p-s-	624	9902	emospace1	[-0.7093804931640625, 0.6200061035156249]	1.2501346223471046	1555424184.7970228
5924	35	inc	p+s-	699	8380	emospace1	[0.6606237792968753, -0.63522216796875]	4.783620617719862	1555424202.2650218
5924	36	con	p0s0	322	9635	emospace1	[-0.6289141845703126, 0.6015679931640624]	3.1336117029313755	1555424219.732021
5924	37	con	p-s-	277	3053	emospace1	[-0.5719616699218749, 0.615795288085938]	3.5003205722750863	1555424237.2070203
5924	38	inc	p-s+	808	3010	emospace1	[-0.6182836914062504, 0.6546893310546879]	1.0670101112336852	1555424254.68202
5924	39	con	p+s+	813	8034	emospace1	[0.6063403320312502, 0.6251806640625002]	2.1668545676475333	1555424272.1500192
5924	40	inc	p-s+	352	6231	emospace1	[0.6250872802734373, -0.6737359619140623]	2.9336160252496484	1555424289.6230185
5924	41	con	p+s+	360	4656	emospace1	[0.8939343261718741, 0.0]	1.916915950630937	1555424307.100018
5924	42	con	p0s0	104	2810	emospace1	[-0.905830078125, 0.018821411132813135]	4.134095863119001	1555424324.5670173
5924	43	con	p+s+	353	4660	emospace1	[0.7239514160156251, 0.647818603515625]	1.06695878364917	1555424342.033016
5924	44	con	p-s-	501	3195	emospace1	[-0.6130651855468748, -0.7287762451171871]	3.3503149592579575	1555424359.5050154
5924	45	inc	p-s+	202	9902	emospace1	[-0.9415661621093757, 0.0]	1.0345767815597355	1555424376.9850154
5924	46	inc	p+s-	625	5470	emospace1	[0.8101367187499999, 0.0]	2.6008734093702515	1555424394.4520144
5924	47	con	p+s+	365	8193	emospace1	[-0.6046606445312503, 0.6594323730468754]	3.7002289030133397	1555424411.9230137
5924	48	con	p+s+	110	8380	emospace1	[0.6704479980468748, 0.6848468017578122]	1.4002245806877909	1555424429.4210145
5924	49	con	p0s0	705	2309	emospace1	[0.7525701904296875, -0.6681518554687499]	4.516900282211282	1555424446.8920138
5924	50	con	p0s0	425	7560	emospace1	[0.6288720703125001, 0.6225555419921877]	3.68380917905597	1555424464.3710134
5924	51	con	p-s-	283	9184	emospace1	[-0.6385961914062501, 0.5959393310546872]	1.0671424823704	1555424481.8440127
5924	52	inc	p+s-	422	4800	emospace1	[0.6422027587890626, -0.6817871093749998]	2.7336653717720765	1555424499.3200123
5924	53	inc	p+s-	291	5621	emospace1	[0.8754266357421883, 0.0]	2.9838309107326495	1555424516.7870116
5924	54	inc	p+s-	106	7405	emospace1	[-0.6621997070312499, -0.6563269042968752]	1.567637148200447	1555424534.2590108
5924	55	con	p+s+	415	4490	emospace1	[0.0, -0.9074365234375008]	3.2837917096658202	1555424551.7380106
5924	56	con	p+s+	808	8341	emospace1	[0.6252148437499999, 0.6478302001953127]	1.616917931696662	1555424569.2210104
5924	57	con	p-s-	423	2683	emospace1	[-0.9160955810546882, 0.0]	1.883654475917865	1555424586.6910098
5924	58	con	p-s-	134	8230	emospace1	[-0.8957824707031256, 0.0]	0.7836212180409348	1555424604.1720095
5924	59	inc	p+s-	502	8034	emospace1	[-0.6965826416015626, -0.6589886474609371]	2.3003834260525764	1555424621.6400087
