5948	0	con	p0s0	170	1112	emospace1	[-0.9126684570312502, 0.0]	3.13667695019285	1555499399.207125
5948	1	con	p+s+	352	8186	emospace1	[0.9399761962890625, 0.0]	1.4859497493944218	1555499416.7571251
5948	2	con	p0s0	425	7560	emospace1	[0, 0]	None	1555499434.2571251
5948	3	inc	p-s+	366	6263	emospace1	[-0.0068359375000002715, 0.9106469726562497]	2.569458226851566	1555499451.745125
5948	4	con	p0s0	322	9635	emospace1	[0, 0]	None	1555499469.240125
5948	5	con	p-s-	713	6510	emospace1	[-0.6606451416015627, 0.666895751953125]	1.8186842609229643	1555499486.723125
5948	6	con	p0s0	720	7046	emospace1	[-0.9025134277343749, 0.0]	2.235795016242264	1555499504.223125
5948	7	con	p+s+	205	9156	emospace1	[0.0, -0.8487060546875005]	4.471358307953778	1555499521.709125
5948	8	inc	p-s+	353	6370	emospace1	[-0.8978228759765622, 0.0]	2.9699475498127867	1555499539.209125
5948	9	con	p0s0	132	7249	emospace1	[0, 0]	None	1555499556.695125
5948	10	con	p0s0	130	7092	emospace1	[-0.6633874511718746, 0.673458251953125]	3.2864436348081654	1555499574.200125
5948	11	inc	p+s-	290	4697	emospace1	[-0.6567535400390627, 0.5882946777343746]	3.420313776623516	1555499591.695125
5948	12	con	p-s-	501	3195	emospace1	[-0.6726806640625002, 0.6753338623046878]	1.969487102369385	1555499609.1981251
5948	13	con	p-s-	502	6231	emospace1	[-0.0290893554687508, -0.8961700439453132]	3.8207262582927797	1555499626.685125
5948	14	con	p0s0	120	1945	emospace1	[-0.8346966552734377, 0.0]	2.5194045279931743	1555499644.1761248
5948	15	con	p-s-	277	3053	emospace1	[-0.6581219482421875, 0.6165930175781247]	3.17001796765544	1555499661.669125
5948	16	inc	p-s+	355	3150	emospace1	[-0.6917340087890623, 0.6093853759765626]	1.4015876131834375	1555499679.160125
5948	17	inc	p+s-	106	7405	emospace1	[-0.8661212158203129, 0.0]	2.9030827166516247	1555499696.648125
5948	18	inc	p+s-	501	4656	emospace1	[0, 0]	None	1555499714.143125
5948	19	inc	p-s+	200	3005	emospace1	[-0.8895373535156247, 0.0]	1.6351386234946403	1555499731.643125
5948	20	inc	p+s-	424	4651	emospace1	[-0.8809417724609381, 0.0]	1.48502945483051	1555499749.128125
5948	21	con	p-s-	134	8230	emospace1	[-0.6714349365234379, 0.6334521484374999]	3.9041248767080106	1555499766.627125
5948	22	con	p0s0	361	7632	emospace1	[-0.025628662109375002, -0.8421960449218748]	1.5528860209469713	1555499784.1161249
5948	23	con	p-s-	288	9325	emospace1	[-0.6953448486328123, 0.6189404296875003]	2.6696082474718423	1555499801.615125
5948	24	con	p0s0	225	4279	emospace1	[0, 0]	None	1555499819.093125
5948	25	con	p-s-	625	6250	emospace1	[-0.8903503417968754, -0.019246215820312645]	3.6371941281249747	1555499836.594125
5948	26	con	p0s0	382	7079	emospace1	[0, 0]	None	1555499854.0831249
5948	27	con	p0s0	724	6570	emospace1	[0, 0]	None	1555499871.578125
5948	28	inc	p+s-	293	2300	emospace1	[-0.6558380126953125, -0.614427490234375]	3.6705927765578963	1555499889.092125
5948	29	inc	p+s-	241	8001	emospace1	[-0.8868811035156249, 0.0]	1.635302811733709	1555499906.587125
5948	30	inc	p-s+	360	6230	emospace1	[0.8531494140625, -0.024746704101562492]	4.6048451437782205	1555499924.1781251
5948	31	inc	p-s+	820	6821	emospace1	[0.6345593261718754, -0.6868054199218753]	2.8864057544524258	1555499941.663125
5948	32	inc	p+s-	289	8186	emospace1	[-0.9142279052734377, 0.0]	1.5518468625050446	1555499959.148125
5948	33	inc	p-s+	808	3010	emospace1	[-0.6487799072265625, 0.6335235595703131]	2.4193511593111907	1555499976.630125
5948	34	con	p-s-	711	3261	emospace1	[-0.6873602294921873, 0.6240740966796875]	1.985548433727672	1555499994.131125
5948	35	inc	p-s+	610	3063	emospace1	[-0.6379864501953123, 0.6182843017578128]	1.7018815911651473	1555500011.614125
5948	36	inc	p+s-	699	8380	emospace1	[0.9074230957031255, 0.0]	2.619485811675986	1555500029.1161249
5948	37	con	p-s-	709	9163	emospace1	[0, 0]	None	1555500046.603125
5948	38	inc	p+s-	719	5215	emospace1	[-0.024378662109375, -0.8658489990234381]	3.2867918219235435	1555500064.126125
5948	39	inc	p+s-	291	5621	emospace1	[0, 0]	None	1555500081.6161249
5948	40	inc	p+s-	502	8034	emospace1	[0, 0]	None	1555500099.099125
5948	41	con	p-s-	291	1525	emospace1	[-0.9054815673828122, 0.0]	2.302516072137223	1555500116.581125
5948	42	con	p+s+	366	7501	emospace1	[0.908193359375, -0.005245971679687447]	1.8354083484446164	1555500134.0851252
5948	43	inc	p+s-	423	5270	emospace1	[0.0, -0.023252563476562495]	2.3525880808338115	1555500151.5661252
5948	44	con	p+s+	200	4697	emospace1	[0, 0]	None	1555500169.1051252
5948	45	con	p+s+	415	4490	emospace1	[0, 0]	None	1555500186.683125
5948	46	con	p-s-	420	3005	emospace1	[-0.9215728759765631, 0.0]	1.3349671113282966	1555500204.166125
5948	47	con	p+s+	201	4800	emospace1	[-0.04339294433593741, -0.8693389892578128]	3.2701616848898993	1555500221.650125
5948	48	inc	p+s-	625	5470	emospace1	[-0.865478515625, 0.0]	1.7354162126721349	1555500239.134125
5948	49	con	p0s0	358	2115	emospace1	[-0.8865869140624999, 0.0]	4.538239950150455	1555500256.646125
5948	50	con	p-s-	624	9902	emospace1	[-0.6476989746093742, 0.5926245117187501]	4.821768718509702	1555500274.135125
5948	51	con	p-s-	719	6821	emospace1	[-0.8801629638671881, 0.0]	1.5518612702435348	1555500291.618125
5948	52	inc	p+s-	312	8370	emospace1	[0, 0]	None	1555500309.103125
5948	53	inc	p-s+	415	9325	emospace1	[-0.6523529052734376, 0.6507922363281248]	1.7196913621373824	1555500326.6051252
5948	54	inc	p+s-	134	4660	emospace1	[0.034149169921874986, -0.8510797119140623]	2.5361181098705856	1555500344.0861251
5948	55	inc	p+s-	709	8193	emospace1	[-0.6782916259765625, -0.5930017089843751]	1.2848578826269659	1555500361.5851252
5948	56	con	p-s-	241	3010	emospace1	[-0.6081274414062499, 0.6118780517578124]	1.2356023126812943	1555500379.0691252
5948	57	con	p+s+	367	5470	emospace1	[0.8495007324218752, 0.0]	1.069065315699845	1555500396.5691252
5948	58	con	p+s+	716	4652	emospace1	[-0.0034014892578125115, 0.8954724121093753]	2.068952755213104	1555500414.052125
5948	59	con	p-s-	260	3102	emospace1	[-0.6315869140624999, 0.6134564208984374]	1.91879315944243	1555500431.5531251
