6111	60	con	p0s0	723	9926	emospace1	[0.18407592773437495, -0.254913330078125]	4.016870815765287	1554987327.3839118
6111	61	inc	p+s-	134	4660	emospace1	[-0.20531494140625, 0.14548767089843742]	3.8008513749773556	1554987344.897914
6111	62	inc	p+s-	624	4652	emospace1	[0.26940368652343744, 0.46574645996093766]	8.433745593647473	1554987362.3969147
6111	63	inc	p+s-	502	8034	emospace1	[0.3984020996093751, 0.0809240722656251]	2.450219297192234	1554987379.8989155
6111	64	con	p-s-	134	8230	emospace1	[-0.3055993652343751, 0.09897216796875]	2.0335336203679617	1554987397.3969164
6111	65	inc	p+s-	501	4656	emospace1	[0.15633789062499995, 0.130347900390625]	3.9335120688519964	1554987414.8999178
6111	66	inc	p+s-	295	5623	emospace1	[0.46207946777343745, 0.10006591796875]	5.050246551756572	1554987432.4029188
6111	67	inc	p-s+	205	9253	emospace1	[-0.30045288085937516, 0.1730401611328125]	4.500201107472094	1554987449.90392
6111	68	inc	p-s+	200	3005	emospace1	[0.11625732421874996, 0.22789367675781233]	4.533572941378225	1554987467.3829193
6111	69	con	p-s-	502	6231	emospace1	[-0.20223693847656254, 0.16909912109375008]	3.5502417491916276	1554987484.859919
6111	70	inc	p-s+	311	8230	emospace1	[-0.1959960937500003, 0.0821130371093749]	7.383625409420347	1554987502.4179232
6111	71	inc	p-s+	415	9325	emospace1	[-0.7566735839843751, 0.46774963378906276]	8.767294942415901	1554987519.9089239
6111	72	con	p-s-	288	9325	emospace1	[-0.5451049804687499, 0.08620910644531242]	4.5502522548049456	1554987537.4099247
6111	73	con	p0s0	377	6010	emospace1	[0.08850830078125026, 0.06996276855468746]	4.233534100625548	1554987554.8859243
6111	74	inc	p-s+	353	6370	emospace1	[0.07911132812499984, 0.08736083984375004]	2.483793139053887	1554987572.3569236
6111	75	inc	p+s-	283	4659	emospace1	[-0.048703002929687524, 0.27763793945312526]	3.1339519839384593	1554987589.8409235
6111	76	con	p-s-	277	3053	emospace1	[-0.5664068603515621, 0.3930316162109379]	3.5336897037777817	1554987607.348925
6111	77	con	p0s0	373	9402	emospace1	[-0.040255737304687504, 0.09959838867187502]	4.200345964884036	1554987624.8559263
6111	78	inc	p+s-	255	9156	emospace1	[0.1063366699218751, -0.11026306152343755]	4.650189461248374	1554987642.3219254
6111	79	inc	p+s-	420	8178	emospace1	[0.04590393066406251, -0.08034423828125002]	1.8668698552537535	1554987659.7909245
6111	80	inc	p+s-	423	5270	emospace1	[0.11446533203124988, -0.12374938964843754]	3.6666739705724467	1554987677.2729244
6111	81	inc	p+s-	424	4651	emospace1	[-0.19080566406250007, 0.21344299316406246]	2.416894288307958	1554987694.7749255
6111	82	inc	p-s+	716	9184	emospace1	[-0.0786242675781249, 0.07716430664062501]	8.70037478028462	1554987712.282927
6111	83	con	p+s+	220	5623	emospace1	[-0.07039733886718759, 0.06403137207031251]	4.883524555520125	1554987729.7759275
6111	84	con	p+s+	415	4490	emospace1	[0.0, 0.09328979492187499]	0.766841099881276	1554987747.2569275
6111	85	inc	p-s+	820	6821	emospace1	[0.38381225585937523, 0.025654296875000017]	6.50041572216287	1554987764.7269266
6111	86	inc	p-s+	610	3063	emospace1	[-0.331722412109375, 0.1208941650390626]	1.550231543737027	1554987782.2079265
6111	87	con	p0s0	425	7560	emospace1	[0.0, -0.06807678222656248]	5.400159145046928	1554987799.7089274
6111	88	inc	p+s-	288	4668	emospace1	[0.24951843261718745, 0.17560668945312508]	3.333566457913548	1554987817.1859272
6111	89	con	p0s0	358	2115	emospace1	[0.132822265625, 0.11375061035156253]	2.300246251597855	1554987834.6739273
6111	90	con	p-s-	260	3102	emospace1	[0, 0]	None	1554987852.1439266
6111	91	inc	p+s-	276	8341	emospace1	[-0.30782348632812495, 0.07688232421875]	4.883955285706179	1554987869.6439276
6111	92	con	p+s+	201	4800	emospace1	[0.3035406494140626, 0.19990661621093753]	4.316867934227048	1554987887.1119266
6111	93	con	p-s-	501	3195	emospace1	[0.17461425781249995, 0.10043151855468753]	2.66687447771983	1554987904.6019268
6111	94	con	p+s+	110	8380	emospace1	[0.16181640625000004, 0.07877441406250002]	3.1003562303667422	1554987922.098928
6111	95	inc	p+s-	312	8370	emospace1	[-0.0800335693359376, 0.10161132812499994]	2.683802023802855	1554987939.5799274
6111	96	inc	p+s-	711	8130	emospace1	[0.143330078125, 0.098677978515625]	2.0675363914451736	1554987957.047927
6111	97	con	p-s-	255	3063	emospace1	[-0.5463214111328131, 0.16203857421875]	1.7001316503556154	1554987974.5289266
6111	98	inc	p+s-	699	8380	emospace1	[-0.03328430175781251, 0.1167193603515625]	0.4834881760798453	1554987991.9969256
6111	99	inc	p-s+	808	3010	emospace1	[-0.5815966796875004, 0.12497192382812526]	1.6001497200122685	1554988009.4639246
6111	100	inc	p-s+	204	3053	emospace1	[0.13052856445312502, 0.0579693603515625]	2.266907135173824	1554988026.9419246
6111	101	inc	p+s-	106	7405	emospace1	[0.09826049804687503, 0.23427490234375]	4.316859229573311	1554988044.4699268
6111	102	inc	p-s+	201	9163	emospace1	[-0.19843078613281273, -0.08873962402343721]	8.016952759553533	1554988061.969928
6111	103	con	p+s+	200	4697	emospace1	[0.35887878417968755, 0.24853393554687506]	2.4331554782875173	1554988079.469929
6111	104	con	p+s+	366	7501	emospace1	[0.3393780517578125, 0.24988708496093753]	2.366907375304436	1554988096.9339278
6111	105	con	p+s+	815	8370	emospace1	[0.35247192382812503, 0.4891906738281253]	2.0167438479111297	1554988114.399927
6111	106	inc	p+s-	422	4800	emospace1	[0.11444091796874926, 0.20839416503906275]	5.400187360126438	1554988131.8679261
6111	107	con	p-s-	283	9184	emospace1	[-0.2192236328125, 0.11442626953125001]	2.4171485241713526	1554988149.3399253
6111	108	con	p0s0	728	2525	emospace1	[-0.29515930175781263, -0.22872192382812506]	3.4337428922008257	1554988166.8409262
6111	109	con	p+s+	367	5470	emospace1	[0.20445861816406258, 0.05790100097656252]	4.100235866048024	1554988184.3349268
6111	110	con	p+s+	352	8186	emospace1	[0.13730163574218746, -0.06841125488281252]	2.4501364529205603	1554988201.805926
6111	111	inc	p-s+	360	6230	emospace1	[-0.04105773925781272, 0.004716186523437111]	6.26704550912109	1554988219.3179276
6111	112	inc	p+s-	241	8001	emospace1	[-0.17547546386718754, -0.0826971435546875]	1.450198886286671	1554988236.7989275
6111	113	inc	p-s+	351	6250	emospace1	[-0.12203247070312502, -0.032855834960937504]	1.2668350966778235	1554988254.2879279
6111	114	con	p0s0	152	9468	emospace1	[0.08642395019531253, 0.08920288085937503]	2.6670767858340696	1554988271.793929
6111	115	con	p+s+	202	4668	emospace1	[0.13634521484375, -0.07952148437500002]	1.9668712960228731	1554988289.2989304
6111	116	con	p0s0	132	7249	emospace1	[0.23160583496093756, 0.06556457519531254]	5.916998143809906	1554988306.793931
6111	117	inc	p-s+	366	6263	emospace1	[0.17380493164062502, 0.08468994140625002]	3.900311326375231	1554988324.3939376
6111	118	inc	p+s-	713	7501	emospace1	[0.11812072753906254, 0.21158447265625013]	8.600159925466869	1554988341.9079397
6111	119	inc	p-s+	202	9902	emospace1	[-0.3341607666015627, 0.11807189941406253]	5.533569939776498	1554988359.3729384
