6678	60	con	p0s0	170	1112	emospace1	[0.6225097656250002, -0.22731018066406242]	6.483594132703729	1554970038.5626395
6678	61	inc	p+s-	624	4652	emospace1	[-0.21343139648437512, 0.28553222656250027]	7.98375351787945	1554970056.2346501
6678	62	inc	p+s-	625	5470	emospace1	[-0.21711730957031253, 0.07215209960937506]	8.300603142319233	1554970073.9156616
6678	63	inc	p-s+	220	2683	emospace1	[-0.09987976074218752, 0.24703613281249998]	6.900261199584747	1554970091.567671
6678	64	con	p+s+	202	4668	emospace1	[-0.5562316894531254, 0.4218823242187502]	6.733588429656265	1554970109.2416818
6678	65	con	p-s-	709	9163	emospace1	[-0.5920739746093743, 0.22319213867187504]	3.700216895908852	1554970126.921693
6678	66	inc	p-s+	716	9184	emospace1	[0.418834228515625, -0.189837646484375]	6.517041306874489	1554970144.5237
6678	67	con	p+s+	415	4490	emospace1	[-0.14029541015624994, -0.16202148437500002]	7.083781973086843	1554970161.9936993
6678	68	con	p+s+	220	5623	emospace1	[0.8119592285156249, 0.12651428222656252]	5.583619886468114	1554970179.4937
6678	69	inc	p-s+	201	9163	emospace1	[-0.14021911621093755, 0.25860107421875]	6.850261379681797	1554970197.0067017
6678	70	con	p+s+	110	8380	emospace1	[0.9038763427734376, 0.24844970703125005]	6.766916139985369	1554970214.5367045
6678	71	con	p+s+	205	9156	emospace1	[-0.04339721679687497, -0.13555297851562503]	8.916935110122722	1554970232.0697076
6678	72	inc	p-s+	352	6231	emospace1	[-0.08489379882812496, -0.32544189453125016]	7.866953900163935	1554970249.6447127
6678	73	inc	p-s+	817	1525	emospace1	[-0.17643249511718756, 0.126885986328125]	7.95125094850664	1554970267.3217237
6678	74	con	p0s0	225	4279	emospace1	[0.16253540039062503, -0.12920288085937504]	7.450294337294508	1554970284.9767334
6678	75	con	p0s0	120	1945	emospace1	[0.2000048828125, -0.16396423339843752]	7.566959783308448	1554970302.6557448
6678	76	con	p+s+	355	8178	emospace1	[0.534677734375, -0.083648681640625]	7.533864096973048	1554970320.3047543
6678	77	inc	p-s+	815	9622	emospace1	[0.479544677734375, 0.6489129638671876]	8.76690233260615	1554970337.8817594
6678	78	con	p+s+	365	8193	emospace1	[0.19999267578125005, 0.2748681640625]	7.250228121908549	1554970355.3807604
6678	79	con	p+s+	366	7501	emospace1	[0.5893487548828125, 0.06219543457031251]	7.983748715313595	1554970372.85776
6678	80	inc	p+s-	295	5623	emospace1	[-0.5322857666015629, 0.07884277343750003]	8.283557933359589	1554970390.325759
6678	81	con	p-s-	420	3005	emospace1	[-0.8001641845703126, 0.32281249999999995]	4.6668840828533575	1554970407.789758
6678	82	con	p-s-	291	1525	emospace1	[-0.06458923339843756, 0.6456573486328124]	8.66712991422628	1554970425.2607572
6678	83	inc	p+s-	422	4800	emospace1	[-0.3642871093750001, 0.5957965087890628]	7.866899871291025	1554970442.742757
6678	84	con	p-s-	288	9325	emospace1	[-0.9027020263671873, 0.20642822265625002]	8.616966206740472	1554970460.2127564
6678	85	inc	p+s-	709	8193	emospace1	[0.07302001953124997, -0.007590332031250001]	8.983379818175308	1554970477.6757553
6678	86	inc	p+s-	719	5215	emospace1	[0.24142150878906254, 0.0496881103515625]	7.050417042867593	1554970495.1587553
6678	87	inc	p+s-	423	5270	emospace1	[0.2585620117187501, -0.30332397460937494]	6.0335363218109705	1554970512.6307545
6678	88	con	p-s-	289	6263	emospace1	[-0.25046020507812505, 0.3603332519531251]	5.983636155161548	1554970530.0977535
6678	89	con	p0s0	130	7092	emospace1	[0.07825317382812506, -0.46919311523437524]	7.983623848585012	1554970547.5917542
6678	90	con	p0s0	705	2309	emospace1	[0.4364349365234377, -0.08417541503906249]	7.250458945260107	1554970565.0897548
6678	91	con	p+s+	215	4651	emospace1	[-0.22901062011718762, 0.17516357421875]	7.9669196218465	1554970582.560754
6678	92	con	p-s-	711	3261	emospace1	[-0.5384625244140625, 0.4706488037109374]	6.717135437177603	1554970600.0627553
6678	93	con	p+s+	367	5470	emospace1	[0.5222613525390627, -0.10122436523437495]	7.267063818904717	1554970617.5447552
6678	94	inc	p-s+	355	3150	emospace1	[-0.6493902587890625, 0.0900091552734375]	7.800275667316782	1554970635.0297554
6678	95	inc	p-s+	215	3101	emospace1	[-0.324652099609375, 0.12990783691406252]	6.416916200017113	1554970652.5197558
6678	96	inc	p+s-	134	4660	emospace1	[-0.04339599609375007, -0.19524902343749995]	8.31709845741625	1554970670.0647593
6678	97	con	p+s+	815	8370	emospace1	[0.8380499267578125, 0.11997314453125005]	6.150402575136468	1554970687.7647717
6678	98	inc	p+s-	501	4656	emospace1	[-0.07111022949218748, 0.08325622558593751]	8.333787976294843	1554970705.2297704
6678	99	con	p0s0	382	7079	emospace1	[0.15142089843749998, -0.0848309326171875]	8.883763483206167	1554970722.723771
6678	100	con	p-s-	134	8230	emospace1	[-0.27350402832031245, -0.13491577148437503]	8.617000725187609	1554970740.218772
6678	101	inc	p+s-	260	4490	emospace1	[-0.5734619140625001, -0.11691345214843737]	8.967118027873767	1554970757.6827707
6678	102	con	p0s0	358	2115	emospace1	[-0.5659411621093754, -0.06666503906250001]	2.133501443170644	1554970775.1997726
6678	103	inc	p-s+	311	8230	emospace1	[-0.08683349609375, 0.0]	7.567116467039341	1554970792.6647716
6678	104	inc	p+s-	711	8130	emospace1	[0.20225158691406256, -0.109202880859375]	7.1670833893631425	1554970810.1567721
6678	105	inc	p+s-	502	8034	emospace1	[0.29221313476562505, -0.058886108398437505]	6.050148399304817	1554970827.6187706
6678	106	inc	p-s+	813	9423	emospace1	[-0.7948712158203128, 0.18488098144531254]	8.483496580572137	1554970845.1427732
6678	107	con	p0s0	724	6570	emospace1	[0.6530798339843746, 0.6564270019531252]	6.3003960316391385	1554970862.7237787
6678	108	con	p-s-	719	6821	emospace1	[0.09869934082031251, 0.17282287597656248]	3.4501265476274057	1554970880.1887777
6678	109	con	p+s+	808	8341	emospace1	[0.3482940673828125, 0.07326477050781255]	8.400317329580503	1554970897.6517766
6678	110	inc	p+s-	293	2300	emospace1	[-0.2770288085937499, 0.15750671386718748]	8.850318410159161	1554970915.1457772
6678	111	inc	p+s-	277	4647	emospace1	[-0.7206427001953123, 0.16727661132812505]	4.866900171451562	1554970932.6437778
6678	112	inc	p+s-	283	4659	emospace1	[-0.6129888916015627, 0.1250067138671875]	7.883705552247193	1554970950.144779
6678	113	con	p0s0	104	2810	emospace1	[-0.4623480224609375, 0.27735229492187496]	3.1335623757340727	1554970967.7737875
6678	114	con	p0s0	723	9926	emospace1	[-0.3746331787109375, 0.13743713378906253]	8.500358091364433	1554970985.2597876
6678	115	con	p-s-	625	6250	emospace1	[-0.3129846191406251, -0.026831054687500005]	3.183515370614259	1554971002.7377872
6678	116	inc	p-s+	360	6230	emospace1	[-0.289068603515625, -0.19729553222656254]	2.350218456743278	1554971020.2487888
6678	117	con	p-s-	624	9902	emospace1	[-0.42736877441406274, -0.4580078125]	5.66689158686404	1554971037.7237883
6678	118	con	p+s+	716	4652	emospace1	[-0.6523553466796875, -0.4442242431640625]	7.883772187857176	1554971055.1917872
6678	119	inc	p+s-	312	8370	emospace1	[0.00011657714843750326, -0.11009582519531258]	7.600275187060106	1554971072.6747873
