6684	60	inc	p-s+	110	6213	emospace1	[-0.18026550292968743, -0.4164849853515625]	6.9071934257463	1555657930.7216396
6684	61	con	p+s+	367	5470	emospace1	[0.2152325439453125, 0.18703369140624995]	0.8511398025293602	1555657948.2076397
6684	62	inc	p-s+	201	9163	emospace1	[-0.11871276855468751, 0.47437988281250026]	4.504718235579276	1555657965.6976402
6684	63	inc	p-s+	815	9622	emospace1	[0.6195074462890626, 0.3642437744140627]	5.52242985380326	1555657983.17764
6684	64	con	p0s0	723	9926	emospace1	[-0.1965655517578125, 0.14719482421875002]	0.5841066989396495	1555658000.6766407
6684	65	con	p0s0	152	9468	emospace1	[0.2167913818359377, -0.13510498046875002]	7.20751051615116	1555658018.1676412
6684	66	inc	p+s-	625	5470	emospace1	[-0.13297363281250002, 0.2617047119140625]	3.153456267398724	1555658035.664642
6684	67	inc	p+s-	293	2300	emospace1	[-0.33494445800781186, 0.06357360839843752]	3.1700125647530513	1555658053.1606429
6684	68	inc	p+s-	283	4659	emospace1	[0.1716741943359376, 0.3829986572265626]	8.859336907653415	1555658070.6666439
6684	69	con	p0s0	361	7632	emospace1	[0, 0]	None	1555658088.1556444
6684	70	inc	p+s-	277	4647	emospace1	[-0.3039215087890626, 0.3147491455078124]	8.775774101000934	1555658105.6566453
6684	71	con	p0s0	705	2309	emospace1	[0.23777221679687505, 0.2705816650390626]	4.0876648110679525	1555658123.1436455
6684	72	inc	p+s-	709	8193	emospace1	[0, 0]	None	1555658140.6386464
6684	73	inc	p-s+	817	1525	emospace1	[0.5153826904296878, 0.20484558105468753]	1.885420625045299	1555658158.1216462
6684	74	con	p+s+	415	4490	emospace1	[-0.10901916503906248, 0.12634033203125003]	8.642268955338295	1555658175.6246474
6684	75	inc	p+s-	295	5623	emospace1	[0, 0]	None	1555658193.1086473
6684	76	inc	p-s+	716	9184	emospace1	[0.010206909179687492, 0.0010491943359374947]	7.508329476260769	1555658210.6156485
6684	77	inc	p+s-	424	4651	emospace1	[-0.014248046875, -0.12348815917968753]	8.892528444786876	1555658228.1106493
6684	78	inc	p-s+	415	9325	emospace1	[-0.5343695068359371, -0.4040875244140626]	8.642389620181348	1555658245.5986495
6684	79	con	p0s0	132	7249	emospace1	[0.017114257812500006, 0.4829260253906249]	8.84291538272737	1555658263.1006505
6684	80	inc	p+s-	502	8034	emospace1	[-0.6522351074218753, 0.32641052246093755]	2.75310982121664	1555658280.5816505
6684	81	con	p0s0	358	2115	emospace1	[-0.39249450683593734, 0.02125061035156249]	5.4391789147484815	1555658298.0946522
6684	82	con	p0s0	170	1112	emospace1	[0.1980621337890625, -0.43394958496093766]	5.756079317025069	1555658315.5856526
6684	83	inc	p+s-	713	7501	emospace1	[-0.11625122070312502, 0.0]	7.924835706708109	1555658333.0696526
6684	84	con	p+s+	366	7501	emospace1	[-0.1681817626953127, -0.07047241210937501]	3.1367192729376256	1555658350.5546527
6684	85	con	p+s+	352	8186	emospace1	[0.23393981933593755, -0.010298461914062489]	5.839439814957586	1555658368.0546536
6684	86	inc	p-s+	200	3005	emospace1	[0.15014526367187506, 0.2157403564453125]	4.10436578617373	1555658385.5396535
6684	87	inc	p+s-	420	8178	emospace1	[-0.6084393310546876, 0.0048443603515625]	0.8510308439763321	1555658403.0396547
6684	88	con	p0s0	104	2810	emospace1	[-0.10127014160156256, 0.40429870605468765]	5.956333133424778	1555658420.5246546
6684	89	inc	p-s+	204	3053	emospace1	[-0.025564575195312512, 0.5195440673828124]	8.859278076039118	1555658438.0356562
6684	90	con	p+s+	200	4697	emospace1	[0.3149639892578125, 0.6456378173828128]	3.787379537763627	1555658455.530657
6684	91	con	p+s+	353	4660	emospace1	[0.12808105468750003, -0.15449462890625007]	7.057435866034211	1555658473.028658
6684	92	inc	p+s-	290	4697	emospace1	[0.0, 0.6774359130859379]	3.0032303359821526	1555658490.517658
6684	93	inc	p+s-	719	5215	emospace1	[-0.5319372558593753, 0.40156616210937507]	2.502716759987379	1555658508.0266595
6684	94	con	p-s-	283	9184	emospace1	[-0.4227606201171877, 0.0]	5.02192048006691	1555658525.51966
6684	95	inc	p+s-	255	9156	emospace1	[-0.5848510742187505, 0.1051580810546875]	2.002238302864498	1555658543.00066
6684	96	inc	p-s+	352	6231	emospace1	[0.009193725585937524, 0.33910644531250017]	3.7540022007833613	1555658560.4926605
6684	97	con	p-s-	423	2683	emospace1	[-0.2411004638671875, 0.4512591552734376]	3.7206416728349723	1555658577.9866612
6684	98	con	p+s+	215	4651	emospace1	[-0.17697082519531274, -0.005538330078125004]	5.889467099619651	1555658595.469661
6684	99	inc	p+s-	423	5270	emospace1	[0.37034912109375, 0.3485980224609375]	4.004225370714266	1555658612.9706619
6684	100	con	p0s0	377	6010	emospace1	[-0.27089843750000026, 0.5857934570312502]	3.253572069630536	1555658630.455662
6684	101	inc	p+s-	106	7405	emospace1	[0.07999816894531253, 0.3940673828125001]	1.6351749430159543	1555658647.9626634
6684	102	con	p-s-	277	3053	emospace1	[-0.4100067138671876, 0.4015765380859375]	1.6685597840278206	1555658665.452664
6684	103	con	p-s-	709	9163	emospace1	[0, 0]	None	1555658682.9466643
6684	104	inc	p+s-	699	8380	emospace1	[0.32223266601562484, -0.25327331542968756]	5.856227536678489	1555658700.4286642
6684	105	inc	p+s-	241	8001	emospace1	[0.025867919921875076, -0.32050537109375044]	3.253586177212128	1555658717.9376657
6684	106	con	p-s-	106	6213	emospace1	[-0.45166076660156257, 0.08791076660156251]	8.1417541786941	1555658735.428666
6684	107	con	p+s+	201	4800	emospace1	[0.4447497558593752, 0.22061889648437535]	3.8874521167672356	1555658752.9146664
6684	108	con	p0s0	728	2525	emospace1	[0.250382080078125, 0.023478393554687515]	2.5695725883088016	1555658770.4216676
6684	109	con	p-s-	711	3261	emospace1	[-0.6189178466796882, 0.2610046386718751]	6.573461178037178	1555658787.8996675
6684	110	inc	p-s+	210	3102	emospace1	[-0.2268005371093751, 0.48984802246093756]	7.641245705442998	1555658805.4006684
6684	111	con	p-s-	625	6250	emospace1	[-0.2940777587890626, 0.5412512207031254]	1.3181790894432197	1555658822.8856685
6684	112	con	p+s+	202	4668	emospace1	[0.625377197265625, 0.8370318603515631]	3.220255665393779	1555658840.3966699
6684	113	con	p0s0	368	7595	emospace1	[0, 0]	None	1555658857.8896706
6684	114	con	p0s0	130	7092	emospace1	[0.3324645996093751, 0.16296936035156254]	1.351149707854347	1555658875.397672
6684	115	inc	p-s+	220	2683	emospace1	[0.50331787109375, 0.13719787597656252]	4.905150828055412	1555658892.8926725
6684	116	inc	p-s+	351	6250	emospace1	[0.0, 0.3096899414062501]	0.6007827606554201	1555658910.3766727
6684	117	inc	p+s-	289	8186	emospace1	[0.23910827636718732, 0.19608947753906228]	5.622530347809516	1555658927.8606727
6684	118	con	p0s0	120	1945	emospace1	[0.0, 0.5356286621093753]	4.388056641639196	1555658945.363674
6684	119	con	p-s-	291	1525	emospace1	[0.15475646972656254, 0.43953369140625015]	5.33890402702491	1555658962.8456738
