6739	0	inc	p+s-	501	4656	emospace1	[0.30372131347656256, -0.10900939941406255]	3.0169984349558945	1554299940.2678514
6739	1	con	p-s-	502	6231	emospace1	[-0.35021545410156274, 0.42178100585937545]	2.433602818156942	1554299957.764852
6739	2	inc	p-s+	716	9184	emospace1	[-0.7927618408203121, 0.6967041015625004]	3.400273206822021	1554299975.2388513
6739	3	con	p+s+	352	8186	emospace1	[0.50172607421875, 0.2920343017578125]	0.8002069312060485	1554299992.718851
6739	4	inc	p+s-	289	8186	emospace1	[0.0, 0.3637762451171877]	2.2668821224542626	1554300010.1858501
6739	5	con	p+s+	355	8178	emospace1	[-0.17004272460937497, 0.5412518310546875]	1.433578805248544	1554300027.682851
6739	6	con	p-s-	255	3063	emospace1	[-0.8547235107421871, 0.20001831054687505]	2.066255505709705	1554300045.163851
6739	7	inc	p-s+	601	3195	emospace1	[-0.15540527343749996, 0.38997192382812507]	4.683385351290781	1554300062.6618516
6739	8	con	p0s0	382	7079	emospace1	[-0.17968872070312505, 0.0]	0.49991625499751535	1554300080.2918603
6739	9	inc	p-s+	360	6230	emospace1	[0.0041265869140625, 0.26099365234374994]	5.016647846550768	1554300097.7758603
6739	10	inc	p-s+	415	9325	emospace1	[-0.831094360351563, 0.0]	0.9835769742639968	1554300115.275861
6739	11	con	p+s+	365	8193	emospace1	[0.32792297363281253, -0.22412048339843743]	1.8336433999611472	1554300132.7458603
6739	12	con	p+s+	202	4668	emospace1	[0.40729003906249994, 0.42000061035156266]	0.983530149103899	1554300150.2548618
6739	13	con	p-s-	106	6213	emospace1	[0.003131713867187483, 0.18423278808593746]	3.566887645418319	1554300167.7478623
6739	14	con	p0s0	728	2525	emospace1	[0.26771118164062513, -0.3609405517578125]	5.4002870142430766	1554300185.2508633
6739	15	con	p+s+	815	8370	emospace1	[0.4218896484375, 0.42984497070312494]	0.7501226158929057	1554300202.746864
6739	16	con	p-s-	291	1525	emospace1	[0.27713684082031254, 0.02881591796875001]	2.9334857552421454	1554300220.2418647
6739	17	con	p+s+	200	4697	emospace1	[0.3660205078125, 0.28626159667968754]	1.8003260952427809	1554300237.7228646
6739	18	inc	p+s-	713	7501	emospace1	[-0.3407843017578126, -0.20142639160156264]	1.7168410303675046	1554300255.1998644
6739	19	inc	p-s+	352	6231	emospace1	[0.0, -0.26903625488281246]	3.3995330090401694	1554300272.6828642
6739	20	inc	p+s-	290	4697	emospace1	[-0.44087951660156266, 0.27727233886718755]	6.100291996917804	1554300290.1638641
6739	21	inc	p-s+	215	3101	emospace1	[-0.7181311035156245, -0.3945916748046875]	1.7668638126124279	1554300307.666865
6739	22	inc	p-s+	110	6213	emospace1	[-0.8198468017578124, 0.5974713134765623]	3.7002538164015277	1554300325.1408646
6739	23	inc	p-s+	205	9253	emospace1	[-0.35893188476562515, 0.32347045898437493]	2.1836485927560716	1554300342.628865
6739	24	con	p0s0	322	9635	emospace1	[0.0, -0.22840393066406253]	1.9334953604047769	1554300360.112865
6739	25	inc	p-s+	366	6263	emospace1	[0.2953887939453126, -0.13100463867187503]	3.083680770047067	1554300377.6008654
6739	26	con	p-s-	624	9902	emospace1	[-0.09703369140625001, 0.5271917724609374]	1.2167158631054917	1554300395.0998662
6739	27	inc	p+s-	424	4651	emospace1	[-0.15296020507812508, 0.0]	2.216780097623996	1554300412.5998669
6739	28	con	p0s0	361	7632	emospace1	[0.1292022705078125, -0.40729431152343754]	2.2501679402485024	1554300430.1058683
6739	29	inc	p+s-	310	8470	emospace1	[0.30649719238281253, 0.0]	1.9002813111765136	1554300447.5988688
6739	30	con	p0s0	720	7046	emospace1	[0.0, -0.33284912109375]	1.5009335016657133	1554300465.069868
6739	31	inc	p-s+	351	6250	emospace1	[-0.006065063476562534, -0.1521771240234375]	4.267823128149757	1554300482.569869
6739	32	inc	p+s-	709	8193	emospace1	[-0.23908569335937505, 0.0]	1.333544947054179	1554300500.0468688
6739	33	con	p+s+	716	4652	emospace1	[0.6267395019531251, 0.3061022949218751]	5.500320572275086	1554300517.55087
6739	34	con	p0s0	377	6010	emospace1	[-0.5201739501953128, -0.17761291503906249]	2.1003799441823503	1554300535.0238693
6739	35	con	p+s+	817	8470	emospace1	[0.4655444335937502, 0.46078308105468757]	0.8835209041353664	1554300552.4978688
6739	36	inc	p-s+	216	3015	emospace1	[-0.5638507080078127, -0.54951171875]	3.9002143752077245	1554300569.9898694
6739	37	con	p0s0	724	6570	emospace1	[-0.6901385498046886, 0.2434643554687502]	1.6833229177354951	1554300587.48787
6739	38	con	p-s-	501	3195	emospace1	[-0.5325042724609371, -0.13793029785156247]	1.0503124379029032	1554300604.954869
6739	39	inc	p-s+	355	3150	emospace1	[-1.0, 0.5109356689453122]	4.566894248971948	1554300622.4468696
6739	40	con	p-s-	277	3053	emospace1	[-1.0, 0.4465997314453124]	1.25035704187394	1554300639.9488707
6739	41	inc	p+s-	502	8034	emospace1	[0.0, -0.12745483398437502]	1.3668397396759246	1554300657.4178698
6739	42	con	p0s0	132	7249	emospace1	[0.4842724609375001, -0.18364440917968752]	0.8161463970754994	1554300674.9098704
6739	43	inc	p+s-	293	2300	emospace1	[0.0959356689453125, -0.280784912109375]	3.133569380184781	1554300692.4248722
6739	44	inc	p-s+	220	2683	emospace1	[0.12663330078124996, 0.0]	4.26698507778201	1554300709.9278734
6739	45	con	p+s+	215	4651	emospace1	[0.2364965820312502, 0.2365411376953126]	1.383440160741884	1554300727.4008727
6739	46	inc	p-s+	610	3063	emospace1	[-0.560477905273438, -0.34871765136718774]	1.8502387182888924	1554300744.8688717
6739	47	inc	p+s-	699	8380	emospace1	[0.4921972656250001, 0.1981207275390625]	2.667180542823189	1554300762.355872
6739	48	inc	p+s-	276	8341	emospace1	[0.4033386230468751, 0.20482421875000004]	4.866946897262096	1554300779.839872
6739	49	inc	p+s-	703	4611	emospace1	[-0.12750244140625003, -0.4296752929687501]	2.5334781911806203	1554300797.324872
6739	50	inc	p-s+	820	6821	emospace1	[0.5396179199218754, 0.27597351074218757]	2.383429354933469	1554300814.805872
6739	51	con	p+s+	808	8341	emospace1	[0.6091918945312501, 0.089522705078125]	1.7669163408427266	1554300832.274871
6739	52	con	p+s+	367	5470	emospace1	[0.7586010742187506, -0.14518676757812504]	2.9670347844912612	1554300849.7628713
6739	53	con	p0s0	130	7092	emospace1	[-0.5069836425781243, 0.09763122558593752]	6.683743143566971	1554300867.2668726
6739	54	con	p-s-	423	2683	emospace1	[-0.39265991210937506, 0.08516357421875001]	2.633536662600818	1554300884.740872
6739	55	inc	p-s+	367	9429	emospace1	[-0.22534484863281246, -0.12185180664062506]	1.6335192532460496	1554300902.2258718
6739	56	con	p+s+	353	4660	emospace1	[0.29761291503906256, 0.1323577880859375]	1.9002341858504224	1554300919.691871
6739	57	inc	p+s-	295	5623	emospace1	[0, 0]	None	1554300937.1828713
6739	58	con	p0s0	723	9926	emospace1	[-0.21626892089843747, -0.173011474609375]	1.2669049347132386	1554300954.6998732
6739	59	inc	p+s-	106	7405	emospace1	[0.36506835937499993, 0.21016845703125006]	1.0842222610444878	1554300972.4468884