6801	0	con	p-s-	283	9184	emospace1	[-0.6479473876953125, 0.6067053222656253]	5.282920795348446	1555485001.5685813
6801	1	inc	p-s+	808	3010	emospace1	[-0.30995910644531255, -0.32914184570312505]	8.61695349822844	1555485019.1175814
6801	2	inc	p+s-	423	5270	emospace1	[-0.6740759277343751, 0.6137249755859376]	2.516859008299889	1555485036.5975814
6801	3	inc	p-s+	201	9163	emospace1	[0.7128375244140621, 0.6214575195312501]	2.3668526449375804	1555485054.0865812
6801	4	con	p+s+	716	4652	emospace1	[0.8925177001953122, 0.00533752441406228]	7.317217517736481	1555485071.5825813
6801	5	con	p+s+	360	4656	emospace1	[0.8514349365234374, 0.16602233886718748]	6.350452278984221	1555485089.0645814
6801	6	inc	p-s+	601	3195	emospace1	[-0.3306634521484376, 0.8210717773437501]	7.3168105026695685	1555485106.5595813
6801	7	inc	p+s-	276	8341	emospace1	[-0.6533123779296875, 0.721417236328125]	3.6339811956636368	1555485124.0455813
6801	8	con	p-s-	711	3261	emospace1	[-0.6503741455078126, -0.6474316406249999]	7.783707811207478	1555485141.5265813
6801	9	inc	p-s+	204	3053	emospace1	[-0.820784301757813, 0.0]	1.4169013906946475	1555485159.0255814
6801	10	inc	p+s-	241	8001	emospace1	[-0.7785974121093752, 0.545652465820313]	4.483700187179011	1555485176.5155811
6801	11	inc	p-s+	716	9184	emospace1	[0.8804498291015628, 0.0]	1.1335921901134043	1555485194.0115812
6801	12	inc	p+s-	134	4660	emospace1	[0.8590295410156249, 0.0]	2.0669641838749158	1555485211.4925814
6801	13	inc	p-s+	205	9253	emospace1	[0.08294372558593756, -0.8990191650390627]	8.833654803197987	1555485229.0115812
6801	14	inc	p-s+	813	9423	emospace1	[0.8514166259765629, 0.0]	3.66683295453322	1555485246.4905813
6801	15	con	p-s-	423	2683	emospace1	[-0.6740783691406245, -0.6898114013671874]	1.3334990208827548	1555485263.9885814
6801	16	con	p+s+	815	8370	emospace1	[0.6901434326171874, 0.6664074707031249]	0.7668298929154389	1555485281.4955812
6801	17	inc	p+s-	719	5215	emospace1	[-0.7966729736328122, 0.6489459228515626]	3.950517353369605	1555485299.0015814
6801	18	con	p-s-	501	3195	emospace1	[-0.7934472656250003, 0.0]	1.1500654946071336	1555485316.4735813
6801	19	inc	p-s+	366	6263	emospace1	[-0.01827636718750006, 0.915169067382813]	3.0501607049163795	1555485333.963581
6801	20	inc	p-s+	210	3102	emospace1	[-0.7471905517578123, 0.6869097900390625]	3.267010288236179	1555485351.4525814
6801	21	con	p-s-	625	6250	emospace1	[-0.6292272949218748, 0.6164093017578126]	1.0001984048371924	1555485368.9395812
6801	22	con	p-s-	289	6263	emospace1	[-0.7254699707031255, 0.5493786621093752]	1.7670012834780664	1555485386.4235811
6801	23	inc	p+s-	713	7501	emospace1	[0.6650653076171874, 0.6339349365234372]	1.433516670208519	1555485403.9165814
6801	24	con	p0s0	104	2810	emospace1	[0.0, 0.9114086914062502]	1.450089927517638	1555485421.4015813
6801	25	inc	p+s-	312	8370	emospace1	[0.6251348876953123, 0.5918762207031253]	8.73354440486355	1555485438.8675811
6801	26	con	p0s0	358	2115	emospace1	[-0.6835015869140624, 0.6164227294921878]	3.7501146605866325	1555485456.3705812
6801	27	con	p0s0	170	1112	emospace1	[0.66353271484375, 0.6404052734375002]	3.9669795519951094	1555485473.8675811
6801	28	inc	p+s-	699	8380	emospace1	[-0.0326605224609375, 0.8573443603515626]	1.100225058921069	1555485491.4815812
6801	29	con	p+s+	366	7501	emospace1	[0.6338549804687498, 0.6231237792968756]	3.5338900074800677	1555485508.9465814
6801	30	con	p0s0	130	7092	emospace1	[-0.7847271728515628, 0.6153179931640628]	2.566938970551746	1555485526.4465814
6801	31	inc	p+s-	502	8034	emospace1	[0.030426025390624955, 0.9134503173828125]	3.83352723579128	1555485543.9235811
6801	32	con	p+s+	367	5470	emospace1	[0.03117675781250072, 0.893666381835937]	3.7002258993652504	1555485561.4175813
6801	33	inc	p+s-	291	5621	emospace1	[0.6333044433593754, 0.6167993164062495]	4.33357285989905	1555485578.8945813
6801	34	con	p+s+	813	8034	emospace1	[0.6266015624999999, 0.6576452636718748]	2.00014347581282	1555485596.3765814
6801	35	inc	p+s-	295	5623	emospace1	[-0.710233764648438, 0.6641015625000002]	2.2502548346546973	1555485614.0105813
6801	36	inc	p-s+	820	6821	emospace1	[0.8371136474609377, 0.0]	0.8167228563575009	1555485631.4975812
6801	37	con	p-s-	719	6821	emospace1	[-0.6300097656249997, -0.678349609375]	7.083502922944717	1555485648.9735813
6801	38	inc	p-s+	353	6370	emospace1	[0.542101440429688, -0.016743774414062506]	5.5003223703402	1555485666.4615812
6801	39	inc	p+s-	293	2300	emospace1	[0.0008258056640624801, 0.016159667968749913]	5.816868133121716	1555485683.9555812
6801	40	con	p+s+	415	4490	emospace1	[-0.6062640380859373, -0.5754473876953123]	6.616791412582643	1555485701.6255813
6801	41	inc	p-s+	355	3150	emospace1	[-0.6056640624999997, 0.5584533691406253]	1.6669446135338148	1555485719.1105812
6801	42	inc	p-s+	110	6213	emospace1	[0.4214355468749999, 0.18812683105468753]	2.16686657229684	1555485736.6095812
6801	43	con	p-s-	291	1525	emospace1	[-0.6207836914062499, 0.5865667724609375]	0.9334767491141065	1555485754.1035812
6801	44	inc	p+s-	277	4647	emospace1	[0.19090820312499995, 0.48610778808593763]	6.500227220063152	1555485771.575581
6801	45	con	p+s+	355	8178	emospace1	[0.8453704833984372, 0.8670623779296877]	2.716885902510512	1555485789.0565813
6801	46	con	p0s0	425	7560	emospace1	[0.0, 0.2845349121093751]	4.317002904334913	1555485806.5415814
6801	47	inc	p+s-	255	9156	emospace1	[-0.5548486328125002, 0.42453430175781254]	7.600628171926019	1555485824.0215814
6801	48	con	p-s-	277	3053	emospace1	[-0.7019561767578123, 0.666148071289063]	4.066866332169866	1555485841.4945812
6801	49	con	p-s-	420	3005	emospace1	[-0.46406433105468725, -0.49630187988281244]	4.766825390536269	1555485858.9955812
6801	50	con	p-s-	624	9902	emospace1	[-0.8869879150390624, -0.410146484375]	3.6669587209880774	1555485876.4865813
6801	51	con	p0s0	377	6010	emospace1	[-0.3993768310546875, 0.13047546386718753]	1.3336665093838747	1555485893.9565814
6801	52	con	p-s-	134	8230	emospace1	[-0.5195501708984374, 0.6630133056640628]	3.1005693408396837	1555485911.6555812
6801	53	inc	p-s+	352	6231	emospace1	[-0.2528149414062501, 0.5495788574218752]	2.033426262436933	1555485929.3685813
6801	54	con	p+s+	201	4800	emospace1	[0.766488647460938, 0.7143957519531255]	3.350248771450879	1555485946.8385813
6801	55	inc	p-s+	815	9622	emospace1	[0.35078247070312507, 0.9014178466796874]	1.1502356845358008	1555485964.3355813
6801	56	inc	p-s+	360	6230	emospace1	[-0.6039984130859372, 0.24500732421875007]	2.08362508749633	1555485981.8065813
6801	57	inc	p+s-	288	4668	emospace1	[0.17539306640625002, 0.6234515380859373]	8.500205908801945	1555485999.3685813
6801	58	inc	p-s+	311	8230	emospace1	[-0.4128387451171876, 0.7233984375000007]	4.017013289822444	1555486016.8435812
6801	59	con	p0s0	728	2525	emospace1	[-0.13544799804687502, -0.9037432861328124]	3.3178832695193705	1555486034.3285813
