7078	0	con	p0s0	382	7079	emospace1	[0.0, -0.3546209716796877]	6.5505797263285785	1555072910.6459274
7078	1	inc	p+s-	422	4800	emospace1	[-0.0016009521484375098, -0.3785595703124999]	4.350213953053753	1555072928.1129262
7078	2	inc	p+s-	295	5623	emospace1	[0.0, 0.13500610351562503]	6.2003549675646354	1555072945.6139274
7078	3	con	p+s+	110	8380	emospace1	[0.6283764648437503, 0.6204815673828123]	2.9839313093034434	1555072963.111928
7078	4	con	p+s+	360	4656	emospace1	[0.2293585205078124, 0.3451739501953125]	2.2668373968808737	1555072980.5919278
7078	5	con	p0s0	377	6010	emospace1	[-0.21048217773437503, 0.2211053466796875]	4.566873535975901	1555072998.0639274
7078	6	con	p0s0	720	7046	emospace1	[-0.14438110351562505, 0.1731292724609375]	2.782894081232371	1555073015.543927
7078	7	inc	p+s-	502	8034	emospace1	[0.0034185791015623928, 0.07394775390624994]	6.150201766613463	1555073033.0119262
7078	8	con	p-s-	501	3195	emospace1	[-0.29998352050781263, -0.3402111816406248]	2.766852704968187	1555073050.5029266
7078	9	con	p-s-	283	9184	emospace1	[-0.22321533203124994, 0.48108520507812486]	3.5501646069787967	1555073067.9839265
7078	10	inc	p-s+	205	9253	emospace1	[-0.8948547363281252, 0.8646936035156249]	2.9170262566731253	1555073085.4829273
7078	11	con	p-s-	420	3005	emospace1	[-0.7220074462890613, 0.48026855468750035]	8.933685359344963	1555073102.978928
7078	12	con	p0s0	368	7595	emospace1	[0.0, -0.22650085449218754]	0.8169023512018612	1555073120.4479272
7078	13	con	p+s+	813	8034	emospace1	[0.0, -0.25777099609375]	2.7001142403642007	1555073137.9339275
7078	14	inc	p-s+	202	9902	emospace1	[-0.2536077880859376, 0.0981622314453125]	5.283593750937143	1555073155.4339283
7078	15	con	p0s0	170	1112	emospace1	[0.4030053710937499, 0.10015747070312503]	1.5003364777949173	1555073172.9009275
7078	16	con	p0s0	358	2115	emospace1	[-0.37797241210937504, 0.125469970703125]	1.1836703514127294	1555073190.43093
7078	17	con	p0s0	425	7560	emospace1	[0.07158569335937502, -0.0660302734375]	2.2669904777685588	1555073207.9169302
7078	18	con	p-s-	502	6231	emospace1	[-0.1521673583984375, -0.095870361328125]	4.350372436794714	1555073225.39493
7078	19	inc	p-s+	355	3150	emospace1	[-0.4439147949218751, -0.046188964843750006]	2.8001501993676357	1555073242.915932
7078	20	inc	p+s-	106	7405	emospace1	[0.12858764648437498, 0.0]	4.216905412820779	1555073260.3869312
7078	21	con	p0s0	723	9926	emospace1	[-0.060887451171874996, -1.708984374998706e-05]	3.0677830165441264	1555073277.8489301
7078	22	con	p0s0	373	9402	emospace1	[-0.1704742431640625, -0.05110961914062501]	3.3002735645495704	1555073295.3209293
7078	23	inc	p-s+	820	6821	emospace1	[-0.4051593017578125, 0.0]	1.3834114946366753	1555073312.8019292
7078	24	con	p0s0	104	2810	emospace1	[0, 0]	None	1555073330.3039303
7078	25	con	p0s0	130	7092	emospace1	[-0.5705957031250001, -0.5463336181640626]	7.583600774647493	1555073347.7809298
7078	26	con	p-s-	709	9163	emospace1	[-0.6047198486328127, -0.3348236083984375]	8.650213772954885	1555073365.3089325
7078	27	inc	p+s-	424	4651	emospace1	[-0.28126464843750004, -0.002203369140624992]	3.933837539752858	1555073382.7879322
7078	28	inc	p+s-	709	8193	emospace1	[-0.0362530517578125, -0.12174316406249999]	3.316962082764803	1555073400.3059342
7078	29	inc	p+s-	625	5470	emospace1	[0.3453869628906251, 0.13468872070312501]	1.7668764174959506	1555073417.8079352
7078	30	inc	p+s-	699	8380	emospace1	[0.20650207519531252, 0.04888610839843751]	7.8002420478987915	1555073435.308936
7078	31	inc	p+s-	501	4656	emospace1	[0.0, -0.088729248046875]	3.9668507839560334	1555073452.804937
7078	32	inc	p-s+	815	9622	emospace1	[0.1069805908203125, 0.2981298828125]	2.0002035075340245	1555073470.287937
7078	33	inc	p+s-	420	8178	emospace1	[0.14793212890625002, 0.08656982421875]	1.1834248216728156	1555073487.756936
7078	34	inc	p+s-	310	8470	emospace1	[0.19110534667968748, 0.048754882812500004]	4.216837576972466	1555073505.2409363
7078	35	con	p+s+	352	8186	emospace1	[0.3052325439453125, 0.043802490234375005]	4.01688122003543	1555073522.7079353
7078	36	inc	p-s+	808	3010	emospace1	[-0.6516375732421875, -0.382158203125]	3.8666194217039447	1555073540.1719341
7078	37	inc	p+s-	624	4652	emospace1	[0.036511840820312336, -0.16452880859374996]	8.833499621199735	1555073557.639933
7078	38	con	p+s+	200	4697	emospace1	[0.2425323486328126, 0.085784912109375]	3.9169620227330597	1555073575.1109326
7078	39	inc	p+s-	290	4697	emospace1	[-0.4162628173828127, 0.17376647949218751]	2.2503652930208773	1555073592.5799317
7078	40	inc	p-s+	204	3053	emospace1	[-0.7067254638671874, 0.7070617675781251]	2.983530297409743	1555073610.071932
7078	41	con	p0s0	728	2525	emospace1	[0.5765692138671873, 0.5606207275390624]	4.316833915043389	1555073627.5679328
7078	42	con	p-s-	625	6250	emospace1	[0.021905517578125006, -0.42998657226562514]	8.967026977057685	1555073645.0619333
7078	43	con	p+s+	215	4651	emospace1	[-0.027323608398437504, 0.0]	6.533448774334829	1555073662.5609343
7078	44	inc	p-s+	366	6263	emospace1	[-0.24141296386718752, 0.0]	2.000188799760508	1555073680.0669355
7078	45	inc	p-s+	367	9429	emospace1	[-0.3334478759765625, 0.09203918457031252]	2.6669398109988833	1555073697.5469353
7078	46	inc	p-s+	220	2683	emospace1	[-0.4001336669921873, 0.25516967773437504]	1.383569077901484	1555073715.0659375
7078	47	inc	p-s+	817	1525	emospace1	[-0.44625549316406266, 0.0584429931640625]	1.9501814758914406	1555073732.5289361
7078	48	inc	p+s-	260	4490	emospace1	[-0.34626220703124994, 0.01715087890624999]	8.567070740180498	1555073750.044938
7078	49	inc	p-s+	351	6250	emospace1	[-0.34016052246093753, 0.0]	1.0503236910408305	1555073767.5139375
7078	50	con	p+s+	220	5623	emospace1	[0.6312628173828125, 0.6292749023437499]	6.533551128417457	1555073784.9969373
7078	51	con	p-s-	134	8230	emospace1	[-0.07637268066406247, 0.08560974121093749]	5.150151940284559	1555073802.493938
7078	52	inc	p-s+	201	9163	emospace1	[-0.3814404296875001, 0.3521807861328126]	3.983670171321137	1555073820.0029395
7078	53	inc	p+s-	312	8370	emospace1	[-0.19653442382812514, 0.053802490234375]	5.400319428787043	1555073837.4829395
7078	54	con	p0s0	361	7632	emospace1	[0, 0]	None	1555073855.0069418
7078	55	con	p-s-	423	2683	emospace1	[-0.10234741210937501, 0.0]	7.517062515835278	1555073872.481941
7078	56	inc	p-s+	216	3015	emospace1	[-0.6409442138671877, 0.6571905517578124]	1.033542123659572	1555073889.9529402
7078	57	con	p-s-	241	3010	emospace1	[-0.6961151123046873, 0.6921362304687503]	3.8335170304017083	1555073907.4329402
7078	58	con	p+s+	201	4800	emospace1	[0.4122119140625, 0.15937988281249998]	3.3169086545349273	1555073924.9349413
7078	59	inc	p+s-	713	7501	emospace1	[0.105869140625, 0.105008544921875]	0.9670798049701261	1555073942.4359424
