7250	0	inc	p-s+	220	2683	emospace1	[0.0, 0.8681274414062498]	1.2347540906844188	1554967905.3154173
7250	1	inc	p-s+	216	3015	emospace1	[-0.6803955078124992, -0.6345782470703129]	3.920901578942903	1554967922.8174186
7250	2	con	p+s+	716	4652	emospace1	[0.6599017333984374, 0.64266357421875]	6.773711081355032	1554967940.3534212
7250	3	inc	p+s-	106	7405	emospace1	[0.0010272216796876838, 0.8660986328125001]	2.8530607381048867	1554967957.9284265
7250	4	inc	p-s+	205	9253	emospace1	[0.004620361328125005, 0.8520361328125007]	6.590191062192844	1554967975.4594293
7250	5	inc	p+s-	293	2300	emospace1	[-0.265472412109375, -0.2527655029296875]	6.790452323300087	1554967993.2394462
7250	6	con	p0s0	358	2115	emospace1	[0.0020288085937499997, -0.4906286621093757]	4.6381875851147925	1554968010.7734492
7250	7	inc	p+s-	624	4652	emospace1	[-0.45807800292968753, 0.28252441406249995]	2.7863416030995722	1554968028.27345
7250	8	inc	p+s-	295	5623	emospace1	[0.4703045654296874, 0.21783874511718754]	1.9355008640168307	1554968045.8804572
7250	9	con	p+s+	220	5623	emospace1	[0.9334320068359376, 0.0]	1.6685435803874498	1554968063.359457
7250	10	inc	p+s-	420	8178	emospace1	[-0.33471984863281234, -0.14740478515624986]	6.773727590271392	1554968080.964464
7250	11	con	p-s-	625	6250	emospace1	[-0.5268780517578125, 0.3059741210937496]	4.921812270807095	1554968098.4774656
7250	12	con	p+s+	110	8380	emospace1	[0.9136260986328135, 0.0]	1.835355975762468	1554968116.0644715
7250	13	inc	p-s+	820	6821	emospace1	[-0.5542687988281246, -0.2709545898437499]	2.3693641936010863	1554968133.5484715
7250	14	inc	p-s+	360	6230	emospace1	[-0.47612854003906246, 0.44018188476562503]	3.0365570444596415	1554968151.1374774
7250	15	con	p-s-	423	2683	emospace1	[-0.6070788574218724, 0.6086126708984377]	7.674648877858544	1554968168.6354783
7250	16	con	p+s+	415	4490	emospace1	[-0.9672045898437499, -0.037542114257812516]	5.68932110232754	1554968186.2394853
7250	17	inc	p+s-	288	4668	emospace1	[0.0, 0.7587408447265639]	6.289869558548617	1554968203.752487
7250	18	inc	p+s-	423	5270	emospace1	[-0.0008685302734373493, 0.0]	4.121092602114459	1554968221.2944903
7250	19	con	p-s-	260	3102	emospace1	[-0.6268621826171876, 0.5711279296874999]	3.7539249948895304	1554968238.8344934
7250	20	inc	p-s+	716	9184	emospace1	[0.1734954833984376, 0.2590667724609375]	8.942590693233342	1554968256.3974981
7250	21	con	p0s0	724	6570	emospace1	[-0.05835754394531248, -0.5300219726562511]	8.141767468609942	1554968273.9415014
7250	22	con	p0s0	104	2810	emospace1	[-0.46364196777343775, 0.3628070068359376]	7.690957886354681	1554968291.4815047
7250	23	con	p0s0	152	9468	emospace1	[0.44572387695312504, -0.25863281249999986]	3.2534610943366715	1554968309.0485094
7250	24	con	p-s-	713	6510	emospace1	[-0.5671954345703123, 0.5165673828125003]	1.6852022777502498	1554968326.5795124
7250	25	con	p0s0	170	1112	emospace1	[-0.19499267578125004, 0.41455688476562524]	4.037722573962128	1554968344.1315162
7250	26	con	p+s+	352	8186	emospace1	[0.7588378906250001, 0.7242285156249997]	4.154410897325761	1554968361.646518
7250	27	inc	p+s-	312	8370	emospace1	[0.8225335693359376, 0.7835998535156247]	4.971930639738275	1554968379.234524
7250	28	con	p0s0	382	7079	emospace1	[-0.5051086425781245, 0.044366455078125096]	7.974939164642819	1554968396.739525
7250	29	inc	p+s-	283	4659	emospace1	[0.4108154296874999, 0.5670385742187498]	8.558871246360013	1554968414.3515325
7250	30	con	p-s-	719	6821	emospace1	[-0.6151849365234373, 0.6058966064453123]	7.808116863918258	1554968431.8375328
7250	31	con	p+s+	808	8341	emospace1	[0.6513037109374993, 0.8399157714843748]	5.122039613595007	1554968449.4055376
7250	32	inc	p+s-	699	8380	emospace1	[-0.46857910156249993, 0.28202880859374996]	7.124130242743831	1554968466.9235394
7250	33	inc	p-s+	601	3195	emospace1	[-0.5317279052734376, 0.4408050537109374]	8.24218130212148	1554968484.5175457
7250	34	con	p0s0	728	2525	emospace1	[-0.18625366210937497, -0.3590411376953125]	8.208439778324191	1554968502.038548
7250	35	inc	p+s-	289	8186	emospace1	[-0.3372033691406252, -0.17310058593750002]	8.625588280230204	1554968519.5605502
7250	36	inc	p-s+	366	6263	emospace1	[-0.3661401367187502, -0.013041992187499997]	8.492126297413506	1554968537.1705573
7250	37	con	p0s0	720	7046	emospace1	[-0.0043475341796875, -0.3768774414062501]	7.107429522685379	1554968554.6615577
7250	38	inc	p-s+	311	8230	emospace1	[-0.13700134277343748, 0.4874255371093758]	5.405678707069455	1554968572.3305686
7250	39	con	p-s-	241	3010	emospace1	[-0.556361083984375, 0.22739624023437488]	8.77587495006037	1554968589.857571
7250	40	con	p-s-	106	6213	emospace1	[-0.49799255371093704, 0.38331604003906244]	3.1034439700883922	1554968607.4195752
7250	41	inc	p+s-	424	4651	emospace1	[-0.16660339355468762, 0.5339892578125004]	8.809112501662185	1554968624.9515781
7250	42	inc	p+s-	255	9156	emospace1	[-0.08955688476562502, 0.4445001220703127]	8.659072264930728	1554968642.486581
7250	43	con	p+s+	353	4660	emospace1	[0.6361309814453124, 0.7239135742187504]	3.753997333960342	1554968660.055586
7250	44	con	p+s+	201	4800	emospace1	[0.6458532714843751, 0.6311016845703129]	7.5745325050056636	1554968677.627591
7250	45	con	p0s0	132	7249	emospace1	[0.0, 0.5930914306640624]	6.3567480796373275	1554968695.1385925
7250	46	con	p-s-	277	3053	emospace1	[-0.6861340332031243, 0.6674218750000004]	2.302557111095666	1554968712.6875963
7250	47	con	p0s0	322	9635	emospace1	[0.0, -0.41760742187500005]	3.136634396237241	1554968730.2165987
7250	48	con	p-s-	420	3005	emospace1	[-0.4456353759765627, -0.3163385009765625]	0.834364240126888	1554968747.8276062
7250	49	inc	p-s+	378	3120	emospace1	[-0.41542053222656256, -0.3952008056640627]	7.891525312821614	1554968765.3116062
7250	50	con	p+s+	200	4697	emospace1	[0.4150732421875003, 0.47762084960937473]	4.955475752453822	1554968782.9036124
7250	51	con	p-s-	288	9325	emospace1	[-0.8409307861328126, 0.323428955078125]	8.809127809930033	1554968800.4156141
7250	52	inc	p+s-	703	4611	emospace1	[0.41529663085937496, 0.18923583984375006]	4.3212268946463155	1554968817.9916193
7250	53	inc	p+s-	502	8034	emospace1	[0.47353759765625014, 0.4889208984375]	2.4526864959771046	1554968835.502621
7250	54	con	p0s0	130	7092	emospace1	[-0.7551318359374996, 0.32818115234374995]	5.2888051836798695	1554968853.0806265
7250	55	inc	p-s+	813	9423	emospace1	[-0.39531860351562514, 0.5318804931640625]	0.7180150999556645	1554968870.587628
7250	56	inc	p-s+	817	1525	emospace1	[0.3304992675781251, 0.1534429931640625]	2.0022446123148256	1554968888.1706336
7250	57	inc	p-s+	415	9325	emospace1	[-0.6817291259765624, 0.19590759277343767]	4.988550916349595	1554968905.6756346
7250	58	con	p-s-	502	6231	emospace1	[-0.5990753173828126, 0.44782531738281284]	4.070926807568867	1554968923.303643
7250	59	inc	p-s+	610	3063	emospace1	[-0.3559405517578126, 0.5009393310546874]	0.8510385459185272	1554968940.897649
