7630	0	inc	p-s+	352	6231	emospace1	[-0.31593994140625, 0.18578857421874997]	3.0002788473429973	1555078347.0809238
7630	1	inc	p+s-	283	4659	emospace1	[-0.4287536621093751, 0.24998474121093764]	2.4000898074555153	1555078364.5589235
7630	2	inc	p-s+	367	9429	emospace1	[-0.3187902832031252, -0.2957073974609375]	7.000294155430311	1555078382.0249224
7630	3	inc	p+s-	312	8370	emospace1	[0.10196533203124998, 0.2673565673828125]	8.267158866747195	1555078399.5269234
7630	4	con	p-s-	289	6263	emospace1	[-0.11265869140625001, 0.36798583984375016]	5.666894487047102	1555078416.999923
7630	5	inc	p-s+	311	8230	emospace1	[-0.48377380371093753, -0.4852331542968752]	2.6500898074518773	1555078434.4779227
7630	6	con	p0s0	728	2525	emospace1	[0.0, -0.47538269042968745]	3.8834081928907835	1555078451.947922
7630	7	con	p+s+	360	4656	emospace1	[0.18729919433593753, -0.12743347167968738]	7.8837677828960295	1555078469.4099205
7630	8	con	p+s+	220	5623	emospace1	[0.23475646972656253, 0.30391052246093747]	1.0337021081941202	1555078486.8959208
7630	9	con	p-s-	719	6821	emospace1	[-0.329066162109375, 0.36219177246093753]	2.683531377981126	1555078504.36392
7630	10	inc	p-s+	204	3053	emospace1	[-0.3884527587890626, -0.45236633300781254]	3.1169231822095753	1555078521.8589203
7630	11	inc	p-s+	716	9184	emospace1	[-0.47501342773437505, -0.373797607421875]	1.65015764330019	1555078539.3329198
7630	12	con	p+s+	110	8380	emospace1	[0.3199920654296875, 0.5187561035156252]	2.1667753240799357	1555078556.798919
7630	13	inc	p+s-	624	4652	emospace1	[0.0080889892578125, -0.35951232910156256]	3.5834359875771042	1555078574.2619176
7630	14	inc	p-s+	215	3101	emospace1	[0.0, 0.4292395019531251]	6.183541883532598	1555078591.732917
7630	15	inc	p+s-	711	8130	emospace1	[0.3815783691406252, -0.17719360351562502]	3.800024132753606	1555078609.2339182
7630	16	con	p0s0	720	7046	emospace1	[0, 0]	None	1555078626.697917
7630	17	con	p+s+	366	7501	emospace1	[0.21792907714843754, -0.1630108642578125]	5.650161245201161	1555078644.1679163
7630	18	inc	p+s-	277	4647	emospace1	[0.0, -0.4103070068359376]	4.466975349772838	1555078661.6359153
7630	19	inc	p+s-	699	8380	emospace1	[-0.25563476562500004, 0.19173706054687498]	3.2501665880263317	1555078679.0989141
7630	20	inc	p-s+	817	1525	emospace1	[-0.250645751953125, 0.4032928466796875]	4.167351328440418	1555078696.596915
7630	21	inc	p+s-	703	4611	emospace1	[-0.6093914794921874, 0.15647399902343762]	3.48385837076421	1555078714.098916
7630	22	inc	p-s+	210	3102	emospace1	[-0.5479785156250002, 0.1287957763671876]	2.3502271600300446	1555078731.5659149
7630	23	inc	p-s+	202	9902	emospace1	[-0.507239990234375, 0.15359375000000014]	5.217244892199233	1555078749.033914
7630	24	inc	p+s-	288	4668	emospace1	[-0.24655639648437497, -0.1952294921875]	5.067013710042374	1555078766.5089138
7630	25	con	p-s-	711	3261	emospace1	[-0.49268432617187496, -0.48173278808593756]	2.7168783985434857	1555078783.984913
7630	26	inc	p-s+	110	6213	emospace1	[0.149334716796875, 0.4386035156250001]	3.6501996655024413	1555078801.465913
7630	27	con	p0s0	322	9635	emospace1	[-0.0975103759765625, 0.052038574218750015]	8.333539242135885	1555078818.9379122
7630	28	con	p+s+	817	8470	emospace1	[0.07904418945312501, 0.14142578125000005]	3.7335387018501933	1555078836.4179122
7630	29	inc	p+s-	713	7501	emospace1	[-0.09370910644531251, -0.4758154296875001]	6.850328613640158	1555078853.8849113
7630	30	inc	p+s-	260	4490	emospace1	[-0.11485107421875002, -0.16809082031250003]	4.033698806451866	1555078871.3519104
7630	31	con	p+s+	365	8193	emospace1	[0.16936218261718752, -0.1455517578125]	1.4835098866242333	1555078888.8219094
7630	32	inc	p-s+	355	3150	emospace1	[-0.460479736328125, -0.5242706298828126]	1.6003628317193943	1555078906.3029094
7630	33	inc	p-s+	815	9622	emospace1	[-0.1942254638671876, 0.2745391845703125]	1.6667555136118608	1555078923.8039105
7630	34	con	p0s0	723	9926	emospace1	[-0.18642578124999998, -0.4064953613281251]	2.7335209924895025	1555078941.3049114
7630	35	inc	p+s-	276	8341	emospace1	[-0.13735717773437503, -0.6058557128906249]	5.30035040515213	1555078958.7729106
7630	36	inc	p+s-	709	8193	emospace1	[0.10248413085937497, 0.3464105224609375]	4.233570518663328	1555078976.3389153
7630	37	con	p-s-	625	6250	emospace1	[-0.22150024414062514, 0.4424432373046876]	8.566967185463	1555078993.8069143
7630	38	inc	p-s+	351	6250	emospace1	[0.10682495117187502, 0.1904949951171875]	1.8334891156482627	1555079011.3059154
7630	39	inc	p+s-	502	8034	emospace1	[0.29303955078125005, 0.3478332519531249]	3.3169224618286535	1555079028.8109167
7630	40	con	p0s0	361	7632	emospace1	[-0.15578613281249998, -0.31475280761718744]	2.5505205950830714	1555079046.2839158
7630	41	inc	p+s-	424	4651	emospace1	[-0.30407470703125006, 0.3251586914062499]	1.766840998785483	1555079063.8259192
7630	42	inc	p-s+	366	6263	emospace1	[0.27634033203125, -0.2552313232421875]	4.500174992466782	1555079081.2979188
7630	43	con	p+s+	200	4697	emospace1	[0.0, 0.09547912597656252]	7.866883561273426	1555079098.7949195
7630	44	inc	p+s-	255	9156	emospace1	[-0.30126342773437514, -0.34205322265625004]	4.816847422178398	1555079116.2599185
7630	45	inc	p-s+	201	9163	emospace1	[0.0, -0.44474792480468744]	3.300184717601951	1555079133.7499187
7630	46	inc	p+s-	501	4656	emospace1	[-0.010803833007812505, 0.2048675537109376]	7.333643997488252	1555079151.2279184
7630	47	con	p-s-	713	6510	emospace1	[-0.318447265625, 0.3028210449218749]	2.766884821940039	1555079168.74392
7630	48	inc	p-s+	200	3005	emospace1	[-0.3378167724609376, 0.4407849121093749]	1.2335077855168493	1555079186.22592
7630	49	inc	p-s+	378	3120	emospace1	[-0.5934436035156248, 0.3898498535156251]	2.4337486928125145	1555079203.6969192
7630	50	con	p0s0	120	1945	emospace1	[0.38554443359375, 0.40172424316406247]	1.4662477653182577	1555079221.1809194
7630	51	con	p0s0	425	7560	emospace1	[0.0, -0.19777160644531253]	2.3005022854085837	1555079238.6809204
7630	52	con	p0s0	104	2810	emospace1	[-0.013399658203124927, 0.10483032226562496]	8.050289472957957	1555079256.1449194
7630	53	con	p-s-	277	3053	emospace1	[-0.7042327880859375, 0.17809936523437508]	3.833832497093681	1555079273.624919
7630	54	con	p+s+	716	4652	emospace1	[-0.42297302246093743, 0.3137530517578126]	2.633543564417778	1555079291.1119192
7630	55	con	p-s-	241	3010	emospace1	[-0.46657226562500004, 0.4943853759765625]	2.1836253276233037	1555079308.5799184
7630	56	con	p-s-	423	2683	emospace1	[-0.25585449218750006, -0.4042724609375]	6.100219055748312	1555079326.0689187
7630	57	inc	p-s+	415	9325	emospace1	[0.07485168457031248, -0.5009393310546876]	5.300212032037962	1555079343.5389178
7630	58	con	p0s0	358	2115	emospace1	[0.10005798339843747, -0.5471264648437502]	5.033504603834444	1555079361.0619202
7630	59	con	p-s-	420	3005	emospace1	[-0.3606304931640626, -0.26808715820312506]	1.1168526449364435	1555079378.5479205
