7777	0	con	p-s-	283	9184	emospace1	[-0.8673950195312501, -0.012632446289062507]	2.5178942553247907	1555596523.7584536
7777	1	inc	p-s+	601	3195	emospace1	[-0.5296990966796875, -0.6526770019531254]	2.033450875442213	1555596541.2414534
7777	2	inc	p+s-	312	8370	emospace1	[0.7860784912109374, 0.23554443359375019]	5.050317988025199	1555596558.7224534
7777	3	con	p+s+	202	4668	emospace1	[0.7314056396484379, 0.12063842773437505]	2.7834949987554864	1555596576.1954527
7777	4	con	p+s+	815	8370	emospace1	[0.5739031982421876, 0.45164794921875023]	3.633576581865782	1555596593.670452
7777	5	con	p-s-	288	9325	emospace1	[-0.5230651855468751, 0.39377441406249997]	4.3836675299207855	1555596611.1424515
7777	6	inc	p-s+	378	3120	emospace1	[-0.808283081054687, 0.33830017089843745]	1.8836065977229737	1555596628.619451
7777	7	con	p-s-	625	6250	emospace1	[-0.001506958007812551, -0.694912109375]	4.433542483850033	1555596646.0904503
7777	8	con	p-s-	260	3102	emospace1	[-0.9316394042968749, 0.9482556152343748]	2.6001563226018334	1555596663.5564492
7777	9	con	p+s+	716	4652	emospace1	[0.5435510253906252, -0.9469610595703122]	5.90026209849384	1555596681.0224483
7777	10	con	p-s-	624	9902	emospace1	[-0.6984729003906254, -0.2258251953124999]	7.117280370945082	1555596698.5084486
7777	11	con	p-s-	501	3195	emospace1	[-0.7361511230468755, 0.8236401367187495]	2.183444932303246	1555596715.9784477
7777	12	inc	p-s+	220	2683	emospace1	[-0.5400262451171877, -0.032216186523437405]	4.283502202564705	1555596733.4594476
7777	13	con	p0s0	358	2115	emospace1	[0.0084124755859375, -0.6010931396484377]	2.766998882209009	1555596750.937447
7777	14	inc	p+s-	241	8001	emospace1	[0.255506591796875, 0.23468994140625007]	6.934134096456546	1555596768.4204473
7777	15	inc	p-s+	815	9622	emospace1	[0.6064038085937499, 0.39930908203124993]	5.183697365690023	1555596785.8924468
7777	16	inc	p-s+	110	6213	emospace1	[-0.5799945068359378, 0.13290100097656252]	5.983807944117871	1555596803.3564456
7777	17	inc	p+s-	288	4668	emospace1	[-0.5539233398437501, -0.260054931640625]	5.883663928019814	1555596820.836445
7777	18	inc	p+s-	719	5215	emospace1	[-0.8934411621093746, 0.967344360351562]	1.7669244428761886	1555596838.3244455
7777	19	con	p0s0	425	7560	emospace1	[-0.6315753173828116, -0.028565673828125096]	6.666897488634277	1555596855.7974448
7777	20	con	p-s-	291	1525	emospace1	[-0.4394647216796878, 0.4776574707031257]	5.9669318267769995	1555596873.2604437
7777	21	con	p0s0	322	9635	emospace1	[0.006503906250000049, 0.4348614501953131]	4.083448594239599	1555596890.7274427
7777	22	inc	p+s-	290	4697	emospace1	[0.016453857421874985, -0.6131359863281248]	9.000153080887685	1555596908.198442
7777	23	con	p+s+	220	5623	emospace1	[-0.11864440917968783, 0.21512023925781243]	4.766922641923884	1555596925.665441
7777	24	con	p-s-	134	8230	emospace1	[-0.39147766113281274, 0.4042376708984376]	4.900212272164936	1555596943.1304402
7777	25	con	p-s-	241	3010	emospace1	[-0.7761968994140624, 0.8207977294921874]	4.533625567750278	1555596960.5964391
7777	26	inc	p+s-	424	4651	emospace1	[0.5696630859375, -0.43549194335937513]	5.250176193098014	1555596978.0614378
7777	27	con	p-s-	289	6263	emospace1	[-0.646025390625, 0.6326446533203129]	4.5002158140341635	1555596995.5374377
7777	28	inc	p+s-	699	8380	emospace1	[0.008903198242187466, 0.8577551269531254]	2.983397026990133	1555597013.0154374
7777	29	inc	p-s+	109	3261	emospace1	[-0.8911901855468753, 0.9056494140625005]	2.6668938867296674	1555597030.4814363
7777	30	con	p+s+	367	5470	emospace1	[1.0, 0.05202819824218753]	8.933619324452593	1555597047.9484353
7777	31	inc	p-s+	215	3101	emospace1	[-0.7971527099609378, 0.14753479003906256]	3.3169713876814058	1555597065.4164345
7777	32	inc	p+s-	106	7405	emospace1	[0.3985626220703125, -0.5571472167968753]	3.51676475849672	1555597082.8864336
7777	33	con	p0s0	724	6570	emospace1	[0.02330810546875, 0.8268750000000005]	4.23357051865969	1555597100.3684337
7777	34	con	p0s0	361	7632	emospace1	[-0.565921630859375, -0.012076416015624973]	3.833540142612037	1555597117.8394327
7777	35	con	p+s+	353	4660	emospace1	[0.650608520507813, 0.1375573730468749]	3.7003069421916734	1555597135.3344336
7777	36	inc	p-s+	813	9423	emospace1	[0.024996337890624783, 0.2982342529296876]	8.416835055646516	1555597152.8024325
7777	37	con	p+s+	415	4490	emospace1	[-0.37088806152343756, 0.27213317871093745]	5.450146657491132	1555597170.2674317
7777	38	inc	p+s-	713	7501	emospace1	[-0.14109619140625002, 0.6085949707031255]	4.500056129658333	1555597187.7384307
7777	39	con	p0s0	723	9926	emospace1	[0.010459594726562545, -0.26612976074218736]	7.700253513954522	1555597205.20343
7777	40	inc	p+s-	289	8186	emospace1	[0.14532348632812503, 0.5977764892578126]	5.166913697197742	1555597222.6704288
7777	41	inc	p-s+	366	6263	emospace1	[-0.2523620605468749, 0.5917193603515624]	3.333487314699596	1555597240.1424282
7777	42	con	p-s-	420	3005	emospace1	[-0.6195660400390625, 0.40791931152343747]	8.183820430716878	1555597257.621428
7777	43	inc	p+s-	422	4800	emospace1	[1.0, -0.3935620117187499]	8.600375738540606	1555597275.087427
7777	44	con	p+s+	360	4656	emospace1	[0.23908752441406247, 0.7792077636718758]	2.866872755563236	1555597292.552426
7777	45	inc	p-s+	610	3063	emospace1	[-0.8757177734375, 0.8774639892578127]	2.7001949830264493	1555597310.037426
7777	46	con	p-s-	502	6231	emospace1	[0.0, 0.5979705810546878]	2.0671679915649293	1555597327.5154254
7777	47	con	p-s-	719	6821	emospace1	[-1.0, 0.160047607421875]	5.650389065584022	1555597344.9914253
7777	48	inc	p+s-	709	8193	emospace1	[0.18664733886718732, 0.5751690673828126]	3.500927189928916	1555597362.4564242
7777	49	con	p+s+	205	9156	emospace1	[1.0, 0.2440808105468748]	2.4169977416058828	1555597379.9254234
7777	50	con	p0s0	705	2309	emospace1	[-0.15310974121093748, -0.4811834716796876]	8.700189880331891	1555597397.3964226
7777	51	con	p+s+	365	8193	emospace1	[0.11956420898437498, 0.4830603027343751]	3.583535940389993	1555597414.8744223
7777	52	inc	p-s+	205	9253	emospace1	[-0.2907897949218753, 0.8930816650390625]	3.4169524176577397	1555597432.3434215
7777	53	con	p0s0	382	7079	emospace1	[0.003244628906250031, -0.5783477783203125]	4.066466520907852	1555597449.8154209
7777	54	inc	p-s+	200	3005	emospace1	[-0.6770355224609377, -0.4614141845703126]	2.9002786072160234	1555597467.2904203
7777	55	con	p0s0	120	1945	emospace1	[0.5644244384765625, 0.07403869628906258]	6.33358546656018	1555597484.7604196
7777	56	inc	p+s-	293	2300	emospace1	[0.22793029785156252, 0.5504730224609378]	1.7001811757327232	1555597502.2394195
7777	57	con	p+s+	215	4651	emospace1	[1.0, 0.7510186767578124]	5.434228946574876	1555597519.7094185
7777	58	inc	p+s-	276	8341	emospace1	[-1.0, 0.6476544189453126]	2.783600354428927	1555597537.1934185
7777	59	con	p+s+	201	4800	emospace1	[1.0, -0.3103387451171877]	6.266973668887658	1555597554.6604176