7957	60	inc	p+s-	711	8130	emospace1	[-0.007103881835937508, 0.5442883300781255]	5.155506068962495	1555663405.7784333
7957	61	con	p+s+	716	4652	emospace1	[0.0709490966796875, 0.3567266845703127]	0.8677390229495359	1555663423.3114362
7957	62	inc	p+s-	703	4611	emospace1	[0.07757934570312502, 0.20012573242187512]	2.8698353495165065	1555663440.8134372
7957	63	con	p-s-	713	6510	emospace1	[-0.31110717773437513, 0.19314270019531254]	4.187716979104152	1555663458.2974372
7957	64	inc	p-s+	351	6250	emospace1	[0.0, 0.35343811035156275]	0.5340352905659529	1555663475.7984383
7957	65	inc	p+s-	709	8193	emospace1	[0.0, 0.40394714355468775]	1.7853282353935356	1555663493.2834384
7957	66	con	p-s-	711	3261	emospace1	[-0.5529809570312498, 0.36067626953125015]	1.9521263727128826	1555663510.7854395
7957	67	inc	p+s-	420	8178	emospace1	[0.0, 0.2597204589843748]	1.3014796151455812	1555663528.2694395
7957	68	con	p0s0	724	6570	emospace1	[0.0, -0.4066522216796877]	2.0188492295746983	1555663545.7704403
7957	69	inc	p-s+	815	9622	emospace1	[0.22791198730468765, 0.3962200927734375]	5.472426582045955	1555663563.2564406
7957	70	inc	p+s-	624	4652	emospace1	[0.06745849609375, 0.3080413818359374]	4.471363410695631	1555663580.7554414
7957	71	con	p0s0	132	7249	emospace1	[0.0, 0.2112817382812502]	2.7196181227791385	1555663598.261443
7957	72	inc	p-s+	205	9253	emospace1	[-0.2784698486328124, 0.23877685546875016]	1.9521758993287222	1555663615.7444427
7957	73	con	p-s-	291	1525	emospace1	[-0.3851812744140625, 0.19454956054687497]	1.568560444382456	1555663633.2424436
7957	74	con	p+s+	360	4656	emospace1	[0.08095092773437498, 0.26175231933593734]	5.122048889072175	1555663650.7274437
7957	75	con	p0s0	720	7046	emospace1	[0.0, 0.16767211914062502]	0.5007122827810235	1555663668.2284446
7957	76	con	p+s+	205	9156	emospace1	[0.0925421142578125, 0.0345355224609375]	4.77167449787521	1555663685.7314458
7957	77	con	p+s+	815	8370	emospace1	[0.6456958007812501, 0.2445532226562501]	4.671612724678198	1555663703.2324467
7957	78	con	p-s-	277	3053	emospace1	[-0.6650115966796878, 0.5475073242187501]	3.0534128040399082	1555663720.7284474
7957	79	con	p+s+	353	4660	emospace1	[0.06897094726562494, 0.15850830078124994]	2.235797117371476	1555663738.218448
7957	80	con	p+s+	201	4800	emospace1	[0.05877807617187501, 0.25970886230468765]	2.936612835737833	1555663755.702448
7957	81	con	p-s-	106	6213	emospace1	[0.0, 0.26596618652343756]	1.1847189679738221	1555663773.2024488
7957	82	inc	p-s+	204	3053	emospace1	[-0.7050085449218754, 0.5286053466796874]	2.402606660820311	1555663790.6974494
7957	83	inc	p-s+	820	6821	emospace1	[0.0736492919921875, -0.31064331054687516]	1.701937721330978	1555663808.18945
7957	84	con	p0s0	705	2309	emospace1	[0.04634765625000001, -0.2696783447265626]	2.3859351015235006	1555663825.6804502
7957	85	con	p0s0	368	7595	emospace1	[0.0, -0.31396179199218766]	0.7175617176671949	1555663843.1754508
7957	86	con	p0s0	723	9926	emospace1	[-0.236114501953125, -0.003081665039062473]	4.204426959047851	1555663860.6594508
7957	87	con	p0s0	225	4279	emospace1	[0.24228759765625002, 0.0]	1.2180981059209444	1555663878.1604521
7957	88	con	p+s+	202	4668	emospace1	[0.0, 0.239229736328125]	1.0512828594091843	1555663895.6544526
7957	89	con	p+s+	355	8178	emospace1	[0.04951904296875, 0.23377319335937496]	2.5194045279931743	1555663913.146453
7957	90	inc	p+s-	241	8001	emospace1	[0.1417694091796875, 0.13457763671875]	7.040697070604438	1555663930.6414537
7957	91	con	p0s0	425	7560	emospace1	[0.06439147949218751, 0.05813171386718756]	2.919782791272155	1555663948.1324542
7957	92	con	p+s+	365	8193	emospace1	[0.046823730468750005, -0.0874560546875]	1.551832154598742	1555663965.6174543
7957	93	inc	p+s-	501	4656	emospace1	[0.09158386230468751, 0.0]	0.5006372424541041	1555663983.117455
7957	94	con	p+s+	366	7501	emospace1	[0.030157470703125, -0.062061157226562504]	0.48400380364546436	1555664000.6034555
7957	95	inc	p-s+	220	2683	emospace1	[-0.11251342773437505, 0.0]	1.0845905589649192	1555664018.1054564
7957	96	inc	p-s+	367	9429	emospace1	[-0.07422607421875, -0.133487548828125]	0.9344165554557549	1555664035.5884564
7957	97	con	p+s+	200	4697	emospace1	[0.25126220703125013, 0.09679931640625]	6.490102180910981	1555664053.0944576
7957	98	con	p0s0	728	2525	emospace1	[0.0, -0.22063171386718758]	3.603810487755254	1555664070.5964587
7957	99	inc	p+s-	106	7405	emospace1	[0.12806457519531256, 0.0]	1.8354980966778385	1555664088.0964599
7957	100	inc	p+s-	422	4800	emospace1	[0.24920288085937498, 0.026475219726562485]	5.105351515905568	1555664105.5944605
7957	101	con	p-s-	709	9163	emospace1	[-0.030691528320312505, 0.20665466308593758]	2.3191726233671943	1555664123.0814607
7957	102	con	p-s-	283	9184	emospace1	[-0.35797058105468765, 0.020939941406250002]	0.584085687649349	1555664140.584462
7957	103	con	p-s-	260	3102	emospace1	[-0.20485046386718753, 0.0]	0.8343610856463783	1555664158.0634615
7957	104	con	p-s-	625	6250	emospace1	[-0.08484558105468751, 0.0]	0.8844432998303091	1555664175.5644627
7957	105	inc	p-s+	415	9325	emospace1	[0.061705322265625015, -0.23713684082031247]	1.7185552515911695	1555664193.0534627
7957	106	con	p0s0	104	2810	emospace1	[0.0, 0.09687866210937501]	2.052230768815207	1555664210.5514636
7957	107	inc	p+s-	713	7501	emospace1	[-0.0401422119140625, 0.24266723632812498]	5.322207854500448	1555664228.036464
7957	108	inc	p-s+	610	3063	emospace1	[-0.25235717773437505, 0.29516296386718754]	6.039620992321943	1555664245.538465
7957	109	con	p0s0	120	1945	emospace1	[0.0, 0.08063354492187501]	2.6027722297967557	1555664263.022465
7957	110	inc	p+s-	312	8370	emospace1	[0.036555786132812504, 0.10579101562500001]	6.5735200096532935	1555664280.524466
7957	111	inc	p-s+	360	6230	emospace1	[-0.124688720703125, 0.1484429931640625]	3.5871278224931302	1555664298.0064657
7957	112	inc	p-s+	808	3010	emospace1	[-0.4339440917968754, 0.0027801513671874816]	4.80503802743624	1555664315.508467
7957	113	inc	p-s+	215	3101	emospace1	[-0.35284667968750005, -0.12310729980468753]	8.575550901054157	1555664332.9934669
7957	114	con	p-s-	288	9325	emospace1	[0.0768243408203125, -0.21078735351562503]	1.6851914218696038	1555664350.4974682
7957	115	con	p0s0	152	9468	emospace1	[0.034241943359375, -0.20157958984375005]	2.7029183483209636	1555664367.9834683
7957	116	con	p+s+	367	5470	emospace1	[0.05555541992187501, -0.18920043945312498]	5.172066268412891	1555664385.480469
7957	117	con	p+s+	215	4651	emospace1	[0.027460327148437505, 0.3229888916015625]	2.2691885619333334	1555664402.964469
7957	118	inc	p-s+	200	3005	emospace1	[-0.36206481933593754, 0.30156921386718755]	1.885417023107948	1555664420.4654703
7957	119	inc	p-s+	601	3195	emospace1	[-0.2093902587890625, 0.06313049316406251]	1.4017719122257404	1555664437.9714713
