8002	60	inc	p-s+	366	6263	emospace1	[0.0, 0.12812744140625001]	5.155404014116357	1555423840.4925776
8002	61	con	p+s+	200	4697	emospace1	[0.12237854003906251, 0.09264770507812503]	1.5684253717954562	1555423857.9935784
8002	62	con	p+s+	110	8380	emospace1	[0.15142578124999997, 0.20094238281250004]	1.8021201593765	1555423875.557583
8002	63	inc	p+s-	713	7501	emospace1	[0, 0]	None	1555423893.1255882
8002	64	con	p0s0	720	7046	emospace1	[0.2522137451171875, 0.19984619140624998]	0.7843256966261833	1555423910.625589
8002	65	con	p+s+	365	8193	emospace1	[0.0733306884765625, 0.0]	2.035558008876251	1555423928.210595
8002	66	con	p+s+	808	8341	emospace1	[0, 0]	None	1555423945.7115958
8002	67	inc	p+s-	719	5215	emospace1	[-0.12078308105468752, 0.0]	7.674674069843604	1555423963.3076022
8002	68	inc	p+s-	423	5270	emospace1	[-0.18734619140625003, -0.051965942382812505]	1.868759271234012	1555423980.8156037
8002	69	inc	p+s-	241	8001	emospace1	[0.0, -0.1526031494140625]	5.088689861931925	1555423998.40661
8002	70	inc	p-s+	817	1525	emospace1	[-0.1510162353515625, 0.15711425781250007]	4.771726425780798	1555424015.8996103
8002	71	inc	p+s-	260	4490	emospace1	[-0.33813293457031257, -0.18761474609375]	6.023063494321832	1555424033.4696155
8002	72	inc	p+s-	501	4656	emospace1	[0.13190063476562502, 0.0]	2.9699493507832813	1555424051.0186188
8002	73	inc	p-s+	200	3005	emospace1	[-0.07398376464843749, -0.10200317382812502]	1.117970897557825	1555424068.570623
8002	74	inc	p-s+	352	6231	emospace1	[0, 0]	None	1555424086.0816245
8002	75	inc	p+s-	312	8370	emospace1	[0, 0]	None	1555424103.6906316
8002	76	inc	p-s+	815	9622	emospace1	[0.12380737304687503, 0.0]	0.8009780456013686	1555424121.1756318
8002	77	con	p-s-	420	3005	emospace1	[-0.23352783203125, 0.01250183105468752]	2.3358744989564	1555424138.7756386
8002	78	con	p+s+	205	9156	emospace1	[0, 0]	None	1555424156.2786396
8002	79	inc	p+s-	624	4652	emospace1	[0.18570861816406253, 0.05749328613281251]	7.324278967516875	1555424173.8616452
8002	80	con	p+s+	366	7501	emospace1	[0, 0]	None	1555424191.3646464
8002	81	inc	p-s+	355	3150	emospace1	[0, 0]	None	1555424208.947652
8002	82	con	p-s-	241	3010	emospace1	[0, 0]	None	1555424226.450653
8002	83	con	p-s-	711	3261	emospace1	[-0.2127349853515626, 0.13704223632812512]	3.1367132697087072	1555424244.034659
8002	84	inc	p+s-	699	8380	emospace1	[0.10348876953125001, 0.0]	2.8196880003306433	1555424261.5356598
8002	85	con	p0s0	130	7092	emospace1	[-0.16683898925781263, -0.160948486328125]	9.009341620185296	1555424279.0276604
8002	86	con	p0s0	728	2525	emospace1	[-0.08260864257812497, -0.05593200683593751]	5.539165347458038	1555424296.5276613
8002	87	con	p-s-	260	3102	emospace1	[-0.191102294921875, 0.06373107910156252]	2.96985359932296	1555424314.0066612
8002	88	con	p+s+	353	4660	emospace1	[0.0917437744140625, 0.0926318359375]	3.103329929501342	1555424331.507662
8002	89	con	p0s0	132	7249	emospace1	[0, 0]	None	1555424348.9956625
8002	90	inc	p-s+	351	6250	emospace1	[0.11301208496093752, 0.013082885742187512]	0.8176448023186822	1555424366.526665
8002	91	inc	p-s+	813	9423	emospace1	[0.22073852539062505, 0.09665649414062503]	1.268160209296184	1555424384.0806692
8002	92	con	p-s-	624	9902	emospace1	[-0.13437622070312502, 0.17531311035156252]	0.5840907903912012	1555424401.632673
8002	93	inc	p-s+	109	3261	emospace1	[-0.14452514648437506, 0.13753967285156257]	2.486040998432145	1555424419.1796768
8002	94	con	p-s-	283	9184	emospace1	[0.08999694824218751, 0.0]	6.757029927885014	1555424436.7366807
8002	95	con	p-s-	106	6213	emospace1	[0.088251953125, 0.0]	4.037532770111284	1555424454.2326815
8002	96	inc	p-s+	210	3102	emospace1	[-0.08468872070312501, 0.1215631103515625]	0.5006771639091312	1555424471.8506892
8002	97	inc	p+s-	711	8130	emospace1	[0, 0]	None	1555424489.3386896
8002	98	con	p-s-	289	6263	emospace1	[0.10870117187500006, 0.09796997070312502]	6.273218527636345	1555424506.9436965
8002	99	inc	p+s-	289	8186	emospace1	[0.041744384765625, 0.034844970703125006]	7.808405537136423	1555424524.4396973
8002	100	con	p0s0	373	9402	emospace1	[-0.10015747070312503, 0.1131280517578125]	1.852046589836391	1555424542.008702
8002	101	inc	p-s+	716	9184	emospace1	[0, 0]	None	1555424559.530704
8002	102	con	p+s+	201	4800	emospace1	[0.11959411621093755, 0.12625244140625003]	3.403645519101701	1555424577.1107097
8002	103	con	p+s+	202	4668	emospace1	[0, 0]	None	1555424594.6217113
8002	104	con	p0s0	120	1945	emospace1	[0, 0]	None	1555424612.1797156
8002	105	con	p+s+	415	4490	emospace1	[-0.130626220703125, 0.12340026855468751]	2.085639622731833	1555424629.6967175
8002	106	con	p-s-	709	9163	emospace1	[0.00043395996093750257, 0.14135681152343751]	2.886446576390881	1555424647.2857234
8002	107	inc	p-s+	216	3015	emospace1	[-0.055003662109375004, -0.03424743652343753]	6.423664177127648	1555424664.8037255
8002	108	con	p+s+	355	8178	emospace1	[0.0, 0.0]	0.00030496388717438094	1555424682.3337283
8002	109	con	p-s-	255	3063	emospace1	[-0.08375671386718751, 0.16314392089843763]	1.4016002199568902	1555424699.917734
8002	110	inc	p-s+	367	9429	emospace1	[-0.10187744140624999, 0.14662353515625]	1.5350528373928682	1555424717.437736
8002	111	con	p0s0	705	2309	emospace1	[0, 0]	None	1555424734.9927402
8002	112	con	p0s0	723	9926	emospace1	[0.02126953125, 0.0]	3.8373960166209145	1555424752.5397437
8002	113	inc	p+s-	283	4659	emospace1	[0.04745910644531251, 0.0]	2.5861453945326502	1555424770.0927477
8002	114	con	p-s-	713	6510	emospace1	[0, 0]	None	1555424787.6417515
8002	115	con	p+s+	716	4652	emospace1	[0, 0]	None	1555424805.1917553
8002	116	inc	p-s+	204	3053	emospace1	[0.0, 0.11495178222656255]	5.22217939921029	1555424822.7037568
8002	117	con	p-s-	288	9325	emospace1	[-0.13650451660156254, 0.1287542724609375]	3.553786504868185	1555424840.2507606
8002	118	con	p+s+	817	8470	emospace1	[0.11660278320312502, 0.11354736328125005]	4.9552807678846875	1555424857.8507671
8002	119	inc	p+s-	290	4697	emospace1	[0.09370544433593757, 0.06578613281250001]	1.33494670035725	1555424875.3517683
