8101	0	inc	p+s-	288	4668	emospace1	[-0.1315753173828125, -0.194755859375]	4.416893886729667	1555062390.1834555
8101	1	con	p0s0	358	2115	emospace1	[-0.38625610351562495, 0.18468933105468752]	2.4501100381439755	1555062407.671456
8101	2	con	p0s0	225	4279	emospace1	[0.3161822509765625, -0.17904541015625]	2.1336819375355844	1555062425.1404552
8101	3	con	p0s0	104	2810	emospace1	[-0.17766967773437506, 0.2800067138671876]	1.033561934125828	1555062442.6124544
8101	4	inc	p+s-	260	4490	emospace1	[-0.09860107421875, 0.3178338623046874]	6.850382342028752	1555062460.0784535
8101	5	inc	p+s-	277	4647	emospace1	[-0.08344604492187505, 0.40768615722656226]	2.800188919825814	1555062477.5484526
8101	6	inc	p-s+	205	9253	emospace1	[-0.10266723632812502, -0.126983642578125]	4.933691362517493	1555062495.0114515
8101	7	con	p+s+	220	5623	emospace1	[0.24315673828124995, -0.18094604492187502]	5.750582908009164	1555062512.4784505
8101	8	con	p-s-	288	9325	emospace1	[-0.3178216552734375, 0.0]	2.067148481257391	1555062529.9514499
8101	9	inc	p+s-	134	4660	emospace1	[-0.3126721191406251, -0.166978759765625]	4.216787450488482	1555062547.4274497
8101	10	inc	p-s+	109	3261	emospace1	[-0.56736083984375, 0.3128277587890625]	3.5335505281000223	1555062564.8954487
8101	11	inc	p-s+	355	3150	emospace1	[-0.25610046386718754, -0.1779315185546875]	2.250247630849117	1555062582.363448
8101	12	con	p-s-	502	6231	emospace1	[-0.2598455810546876, 0.0]	0.7335645154907979	1555062599.8374472
8101	13	inc	p+s-	709	8193	emospace1	[0.3557061767578127, 0.14688964843749996]	2.600213652893217	1555062617.3134468
8101	14	inc	p-s+	201	9163	emospace1	[-0.24782531738281255, 0.29515991210937514]	2.600248771450424	1555062634.786446
8101	15	con	p-s-	106	6213	emospace1	[0.0, 0.3159423828125]	1.0669122564377176	1555062652.262446
8101	16	con	p0s0	361	7632	emospace1	[0.54173095703125, 0.38828491210937494]	1.9000994125290163	1555062669.737445
8101	17	inc	p-s+	311	8230	emospace1	[-0.08562744140625, 0.37860229492187514]	1.8503034003169887	1555062687.213445
8101	18	inc	p-s+	351	6250	emospace1	[-0.2921990966796875, -0.016984252929687502]	1.9664536741202028	1555062704.6984448
8101	19	con	p0s0	728	2525	emospace1	[0.0, 0.23093994140625002]	0.700160464790315	1555062722.1714442
8101	20	inc	p+s-	289	8186	emospace1	[0.19856384277343753, 0.20953979492187502]	1.7169450337551098	1555062739.650444
8101	21	inc	p-s+	220	2683	emospace1	[-0.30032165527343757, 0.24892822265624992]	3.316852224716058	1555062757.1194432
8101	22	con	p0s0	130	7092	emospace1	[-0.48828491210937497, 0.13610168457031252]	2.4336031158873084	1555062774.5934427
8101	23	con	p-s-	713	6510	emospace1	[-0.20125671386718752, 0.1714385986328125]	1.6836874604541663	1555062792.0674422
8101	24	con	p-s-	289	6263	emospace1	[-0.3703186035156252, 0.3039111328125001]	1.8001781141156243	1555062809.5384414
8101	25	con	p0s0	373	9402	emospace1	[-0.41828979492187507, 0.27000427246093756]	1.750103554717498	1555062827.0014403
8101	26	con	p0s0	705	2309	emospace1	[-0.4871905517578126, 0.0]	1.116783008141283	1555062844.4764397
8101	27	con	p-s-	255	3063	emospace1	[-0.7198455810546879, 0.3651605224609375]	1.9668618898231216	1555062861.9704401
8101	28	inc	p-s+	378	3120	emospace1	[-0.474222412109375, 0.19579772949218743]	2.083522133094448	1555062879.4374394
8101	29	con	p-s-	134	8230	emospace1	[-0.17078369140625002, 0.30563293457031254]	1.6999167360027059	1555062896.9024384
8101	30	con	p0s0	322	9635	emospace1	[0.0, 0.09782226562500002]	1.4501157411577879	1555062914.3694375
8101	31	inc	p+s-	312	8370	emospace1	[0.22348388671874994, -0.1944390869140625]	1.650175352655424	1555062931.8404365
8101	32	con	p-s-	420	3005	emospace1	[-0.15062805175781252, 0.23187927246093748]	1.2170170718200097	1555062949.3064356
8101	33	inc	p-s+	808	3010	emospace1	[-0.3809454345703125, 0.36172485351562506]	2.2503956090404245	1555062966.7724347
8101	34	inc	p+s-	293	2300	emospace1	[0.16031372070312505, -0.13491699218750003]	4.133765081467573	1555062984.2534347
8101	35	inc	p-s+	817	1525	emospace1	[-0.085784912109375, 0.5088714599609377]	2.7168192673016165	1555063001.7364345
8101	36	con	p0s0	120	1945	emospace1	[0.5199993896484372, -0.11141967773437503]	2.916831753898805	1555063019.2064338
8101	37	inc	p+s-	420	8178	emospace1	[0.3858642578125, 0.31564880371093745]	1.0168812200372486	1555063036.675433
8101	38	con	p+s+	355	8178	emospace1	[0.7290240478515626, 0.3704315185546874]	2.5506076410783862	1555063054.140432
8101	39	con	p+s+	716	4652	emospace1	[0.2585632324218751, 0.21344421386718757]	2.200321649959733	1555063071.6064308
8101	40	con	p-s-	719	6821	emospace1	[0.11793457031250001, 0.32439941406249995]	2.950106136082468	1555063089.07343
8101	41	con	p-s-	625	6250	emospace1	[-0.4575164794921877, 0.135013427734375]	1.8668469419244502	1555063106.539429
8101	42	con	p+s+	200	4697	emospace1	[-0.13313171386718756, 0.15220153808593756]	3.283789154189435	1555063124.0134282
8101	43	inc	p+s-	719	5215	emospace1	[0.4687170410156247, 0.24330627441406252]	2.8168840415273735	1555063141.4864275
8101	44	con	p+s+	366	7501	emospace1	[0.6241125488281246, 0.5867584228515627]	1.6168061203534307	1555063158.9624274
8101	45	con	p-s-	501	3195	emospace1	[-0.4739093017578126, 0.23305725097656257]	2.050348003886029	1555063176.4314265
8101	46	inc	p-s+	216	3015	emospace1	[-0.5990728759765626, 0.16564086914062498]	2.983799239518703	1555063193.8944254
8101	47	con	p+s+	201	4800	emospace1	[0.12158508300781251, 0.12017028808593753]	3.200107636876055	1555063211.4124272
8101	48	inc	p+s-	501	4656	emospace1	[0.28554565429687506, 0.14625793457031253]	1.8171580863327108	1555063228.878426
8101	49	con	p-s-	241	3010	emospace1	[-0.377828369140625, 0.321409912109375]	1.9836062375361507	1555063246.3444252
8101	50	inc	p+s-	290	4697	emospace1	[-0.6528399658203128, 0.49016479492187487]	4.067266443589688	1555063263.8134243
8101	51	con	p-s-	283	9184	emospace1	[-0.6254754638671878, 0.46063598632812497]	1.2668464016387588	1555063281.2844236
8101	52	inc	p-s+	820	6821	emospace1	[0.595380859375, 0.4029998779296875]	0.9169019910132192	1555063298.7624233
8101	53	inc	p+s-	624	4652	emospace1	[-0.10938476562500003, 0.21845703124999996]	3.6002292611428857	1555063316.2284224
8101	54	inc	p+s-	295	5623	emospace1	[0.19178771972656253, -0.12301147460937503]	4.417001043351775	1555063333.6974216
8101	55	inc	p+s-	703	4611	emospace1	[0.17428161621093752, -0.20253417968750007]	3.350953543851574	1555063351.1654208
8101	56	con	p+s+	817	8470	emospace1	[0.3820562744140622, 0.5105139160156252]	3.4169860354213597	1555063368.6304197
8101	57	con	p+s+	808	8341	emospace1	[0.46903503417968745, 0.41753540039062514]	1.2337025884480681	1555063386.0974188
8101	58	inc	p+s-	699	8380	emospace1	[0.21999511718749998, 0.4500390625]	1.8167462687270017	1555063403.5654178
8101	59	con	p+s+	815	8370	emospace1	[0.4577667236328125, 0.4945471191406252]	1.9836323513336538	1555063421.033417