8341	60	con	p-s-	711	3261	emospace1	[-0.7001940917968755, 0.6468212890625001]	4.066870834551082	1555069274.342057
8341	61	con	p+s+	415	4490	emospace1	[0.17427490234374987, 0.254725341796875]	6.85057324290392	1555069291.825057
8341	62	inc	p+s-	241	8001	emospace1	[0.7876013183593742, -0.6629980468750005]	4.966921921542962	1555069309.3020568
8341	63	inc	p+s-	502	8034	emospace1	[0, 0]	None	1555069326.7780561
8341	64	con	p-s-	423	2683	emospace1	[-0.3679034423828119, 0.6951464843750002]	4.083533839282609	1555069344.2450552
8341	65	con	p-s-	277	3053	emospace1	[-0.8463549804687498, -0.25285522460937493]	3.3169500764197437	1555069361.722055
8341	66	con	p0s0	382	7079	emospace1	[0.00223937988281238, -0.2115350341796876]	9.000205908803764	1555069379.1990545
8341	67	inc	p+s-	624	4652	emospace1	[0.6661737060546877, 0.5328356933593753]	2.5335670368222054	1555069396.659053
8341	68	con	p+s+	808	8341	emospace1	[0.34709533691406236, 0.789451293945313]	2.516805279909022	1555069414.1280522
8341	69	inc	p-s+	415	9325	emospace1	[0, 0]	None	1555069431.6000516
8341	70	inc	p+s-	260	4490	emospace1	[-0.817195434570313, -0.47760559082031256]	4.616918379670096	1555069449.0790515
8341	71	con	p0s0	104	2810	emospace1	[0.0, 0.9123480224609383]	1.6002223574942036	1555069466.5480506
8341	72	con	p+s+	205	9156	emospace1	[0.5283837890624996, -0.336279296875]	6.9668789988609205	1555069484.0150497
8341	73	con	p-s-	260	3102	emospace1	[-0.8312518310546876, -0.35570556640624995]	2.7668983290786855	1555069501.4810486
8341	74	con	p0s0	425	7560	emospace1	[0, 0]	None	1555069518.9480476
8341	75	inc	p+s-	283	4659	emospace1	[-0.38797424316406265, 0.20476562500000017]	5.249598087630147	1555069536.4150467
8341	76	inc	p-s+	808	3010	emospace1	[0, 0]	None	1555069553.8820457
8341	77	inc	p+s-	290	4697	emospace1	[0.4222674560546877, 0.5105841064453127]	2.6502672011883988	1555069571.355045
8341	78	inc	p-s+	815	9622	emospace1	[0, 0]	None	1555069588.835045
8341	79	con	p+s+	815	8370	emospace1	[0.5452465820312495, 0.5802758789062504]	3.266921441289014	1555069606.303044
8341	80	inc	p-s+	813	9423	emospace1	[-1.0, -0.3072607421875003]	1.6840644596595666	1555069623.7710433
8341	81	inc	p+s-	423	5270	emospace1	[-0.17552856445312504, 0.43729675292968756]	6.600552231797337	1555069641.2370422
8341	82	inc	p-s+	610	3063	emospace1	[-0.5884393310546879, 0.0]	8.58353864181845	1555069658.7010412
8341	83	inc	p+s-	422	4800	emospace1	[0.5940814208984377, 0.5876599121093751]	2.0501432957171346	1555069676.1680403
8341	84	con	p0s0	724	6570	emospace1	[0, 0]	None	1555069693.6360395
8341	85	inc	p+s-	424	4651	emospace1	[0.652545166015625, 0.48565673828125044]	2.066842619642557	1555069711.1040385
8341	86	inc	p+s-	255	9156	emospace1	[-0.2503533935546874, 0.6426422119140625]	6.616971207586175	1555069728.5710375
8341	87	con	p-s-	709	9163	emospace1	[-0.9000030517578123, -0.03001464843750003]	2.683544584957417	1555069746.0410368
8341	88	inc	p+s-	312	8370	emospace1	[0.18158630371093762, 0.7883044433593747]	3.7169690464434098	1555069763.5240366
8341	89	inc	p-s+	202	9902	emospace1	[-1.0, -0.15384277343750002]	1.3337970783759374	1555069780.9900358
8341	90	con	p+s+	366	7501	emospace1	[0.05762023925781238, 0.12656372070312494]	8.983218432618742	1555069798.4540343
8341	91	inc	p-s+	110	6213	emospace1	[-0.41503601074218754, 0.2298699951171876]	6.483476869176229	1555069815.9210336
8341	92	con	p0s0	705	2309	emospace1	[-0.574898071289063, -0.8369207763671871]	3.083595671952935	1555069833.396033
8341	93	con	p0s0	377	6010	emospace1	[-0.06219665527343751, -0.8582281494140627]	2.4669723481893016	1555069850.8720324
8341	94	inc	p-s+	215	3101	emospace1	[0.3528509521484375, 0.4240948486328125]	3.583496319453843	1555069868.3380315
8341	95	con	p+s+	200	4697	emospace1	[0.6309368896484374, 0.7344000244140619]	1.9834882752038538	1555069885.811031
8341	96	inc	p-s+	353	6370	emospace1	[-0.8539062499999993, -0.44759765625000025]	0.8001802152248274	1555069903.291031
8341	97	inc	p-s+	817	1525	emospace1	[-0.5481378173828125, 0.736885375976563]	5.000273444489721	1555069920.773031
8341	98	inc	p-s+	204	3053	emospace1	[-1.0, 0.0]	1.9836584651347948	1555069938.2530305
8341	99	inc	p-s+	366	6263	emospace1	[-0.03599609374999997, -0.6761700439453127]	2.2339829365846526	1555069955.73003
8341	100	inc	p+s-	277	4647	emospace1	[0.5931573486328126, 0.6979913330078129]	3.316776584746549	1555069973.2150302
8341	101	con	p+s+	352	8186	emospace1	[-0.07683105468750012, 0.8887561035156248]	5.800237845676747	1555069990.6930299
8341	102	inc	p-s+	352	6231	emospace1	[-0.8004858398437497, 0.7146136474609378]	1.7167472292348975	1555070008.1700296
8341	103	con	p-s-	624	9902	emospace1	[-0.6791961669921874, 0.6414263916015623]	8.950198284772341	1555070025.646029
8341	104	con	p+s+	202	4668	emospace1	[0.681568603515625, 0.6107885742187501]	1.200215994133032	1555070043.1210287
8341	105	con	p0s0	170	1112	emospace1	[0, 0]	None	1555070060.594028
8341	106	con	p+s+	813	8034	emospace1	[-0.055081787109375, 0.6085943603515629]	3.566414293312846	1555070078.0640273
8341	107	inc	p+s-	276	8341	emospace1	[-0.39548461914062516, 0.6129718017578129]	4.566899649777042	1555070095.5290263
8341	108	inc	p-s+	820	6821	emospace1	[0.6872827148437499, 0.3717224121093752]	2.5175421692802047	1555070112.9980254
8341	109	inc	p-s+	378	3120	emospace1	[-0.935469360351563, 0.08172546386718751]	1.3835891885282763	1555070130.4630244
8341	110	inc	p+s-	719	5215	emospace1	[-1.0, 1.0]	1.5167197347072943	1555070147.941024
8341	111	con	p0s0	120	1945	emospace1	[0.010000000000000002, -0.7948968505859376]	3.1334958391998953	1555070165.4150236
8341	112	con	p-s-	283	9184	emospace1	[-0.5586120605468751, -0.4316442871093751]	1.9669504366102046	1555070182.8850226
8341	113	con	p0s0	225	4279	emospace1	[0.836816406249999, 0.2166546630859375]	5.4836986863847414	1555070200.3660226
8341	114	con	p+s+	220	5623	emospace1	[0.4985589599609377, 0.6351953125000002]	3.6335735802786076	1555070217.8330216
8341	115	con	p-s-	106	6213	emospace1	[-0.5548449707031248, 0.4342193603515626]	4.800399331004883	1555070235.2980206
8341	116	inc	p-s+	109	3261	emospace1	[-0.6700036621093755, -0.382845458984375]	1.9502162942917494	1555070252.7650197
8341	117	inc	p+s-	295	5623	emospace1	[-0.12575500488281266, -0.15707153320312459]	5.451120071847981	1555070270.2340188
8341	118	con	p+s+	355	8178	emospace1	[0.1097460937500001, 0.8952716064453132]	5.83351823103294	1555070287.7020178
8341	119	inc	p-s+	365	6510	emospace1	[-0.32140808105468754, 0.5723498535156254]	2.116967605685204	1555070305.1660168
