8500	60	inc	p+s-	255	9156	emospace1	[0.2736798095703124, -0.7183917236328127]	3.2335819269273998	1555402947.5598788
8500	61	inc	p-s+	216	3015	emospace1	[-0.6985986328125002, 0.22782165527343745]	3.3669613050060434	1555402965.0458791
8500	62	con	p0s0	723	9926	emospace1	[0, 0]	None	1555402982.5338793
8500	63	inc	p+s-	625	5470	emospace1	[-0.18049682617187504, 0.6342431640625001]	3.5834451434202492	1555403000.0428808
8500	64	con	p-s-	106	6213	emospace1	[0, 0]	None	1555403017.529881
8500	65	con	p-s-	502	6231	emospace1	[-0.5928503417968748, 0.5700396728515625]	4.0669323694555715	1555403035.0048807
8500	66	con	p+s+	110	8380	emospace1	[0.8915600585937501, 0.021233520507812492]	1.0669068557444916	1555403052.4908807
8500	67	con	p+s+	808	8341	emospace1	[0.6901177978515628, 0.7116510009765626]	2.5002995609838763	1555403069.9638803
8500	68	inc	p-s+	366	6263	emospace1	[-0.006896972656250005, -0.9118780517578126]	4.5503457558088485	1555403087.4538805
8500	69	con	p+s+	220	5623	emospace1	[0.9279333496093743, 0.8373468017578126]	2.1504936753008224	1555403104.9318802
8500	70	inc	p-s+	351	6250	emospace1	[0.8079949951171876, -0.9082672119140621]	5.03368380167467	1555403122.395879
8500	71	con	p0s0	120	1945	emospace1	[-0.03762634277343761, -0.5203253173828125]	3.6002241604637675	1555403139.8808792
8500	72	inc	p-s+	353	6370	emospace1	[-0.10276733398437511, 0.860313110351563]	1.0335049055365744	1555403157.3688793
8500	73	con	p0s0	705	2309	emospace1	[0, 0]	None	1555403174.8378785
8500	74	con	p0s0	368	7595	emospace1	[0, 0]	None	1555403192.4248846
8500	75	con	p-s-	711	3261	emospace1	[-0.4475006103515627, 0.35390686035156255]	0.46693783239061304	1555403209.8988838
8500	76	inc	p-s+	352	6231	emospace1	[0, 0]	None	1555403227.3768837
8500	77	inc	p-s+	610	3063	emospace1	[-0.9552178955078124, 0.01648620605468734]	3.3170606884141307	1555403244.8618836
8500	78	inc	p-s+	716	9184	emospace1	[-1.0, 1.0]	2.0335367226343806	1555403262.3568845
8500	79	inc	p+s-	312	8370	emospace1	[0.35227233886718756, 0.41141357421875]	1.2668650132582115	1555403279.8348842
8500	80	inc	p-s+	355	3150	emospace1	[-0.7785943603515619, 0.7764068603515624]	0.90023958875463	1555403297.3038833
8500	81	inc	p-s+	220	2683	emospace1	[-0.7865637207031255, 0.0]	0.9668624919031572	1555403314.7888832
8500	82	con	p-s-	255	3063	emospace1	[-0.4832855224609376, 0.502662353515625]	1.7503063146141358	1555403332.2508821
8500	83	inc	p-s+	378	3120	emospace1	[-0.9139074707031257, 0.0]	1.7668701160000637	1555403349.7208815
8500	84	inc	p+s-	713	7501	emospace1	[-0.2352142333984375, 0.5682958984375001]	2.3502984503866173	1555403367.2038813
8500	85	con	p0s0	720	7046	emospace1	[0, 0]	None	1555403384.6878812
8500	86	con	p-s-	260	3102	emospace1	[-0.8857812500000005, 0.0]	0.7503090160653301	1555403402.1548803
8500	87	inc	p-s+	311	8230	emospace1	[0, 0]	None	1555403419.6198795
8500	88	inc	p-s+	601	3195	emospace1	[-0.24187683105468763, 0.0]	1.7835494794899205	1555403437.0928786
8500	89	con	p+s+	716	4652	emospace1	[0.25723937988281254, 0.55906982421875]	1.516810834142234	1555403454.5538776
8500	90	con	p+s+	815	8370	emospace1	[0.8647357177734376, 1.0]	1.3507757068646242	1555403472.0248768
8500	91	inc	p-s+	204	3053	emospace1	[-0.9673010253906249, 0.20776428222656257]	2.9162006662381827	1555403489.498876
8500	92	con	p0s0	373	9402	emospace1	[-0.8746075439453137, -0.2941162109375]	3.4343364123888023	1555403506.9878764
8500	93	inc	p-s+	205	9253	emospace1	[-1.0, 0.4170471191406252]	1.0669158605842313	1555403524.4758766
8500	94	inc	p-s+	200	3005	emospace1	[-1.0, -0.3267285156249998]	2.483500733294022	1555403541.9558766
8500	95	con	p+s+	367	5470	emospace1	[0.4937860107421874, 0.17224975585937496]	5.716972200860255	1555403559.4248757
8500	96	inc	p+s-	293	2300	emospace1	[0.6112530517578124, -0.3277691650390624]	1.7335786251533136	1555403576.9218764
8500	97	con	p0s0	377	6010	emospace1	[-0.0040631103515625005, -1.0]	0.9178605582637829	1555403594.3938756
8500	98	con	p0s0	361	7632	emospace1	[0.047687377929687455, -0.6060101318359374]	0.8502780394192087	1555403611.8848763
8500	99	inc	p+s-	134	4660	emospace1	[-0.18622253417968748, 0.6189160156250002]	3.0501452480566513	1555403629.3588758
8500	100	inc	p+s-	422	4800	emospace1	[0.6593450927734374, 0.6865679931640625]	1.7503144189686282	1555403646.826875
8500	101	inc	p+s-	420	8178	emospace1	[0.009687499999999988, 0.22219726562500008]	2.8000637542609184	1555403664.294874
8500	102	con	p-s-	719	6821	emospace1	[-0.6000573730468747, 0.6109912109375004]	1.5670599380109707	1555403681.7608728
8500	103	con	p-s-	289	6263	emospace1	[-0.9103222656250003, 0.26892150878906257]	2.1836032683959274	1555403699.2328722
8500	104	inc	p-s+	110	6213	emospace1	[-0.8382836914062501, -0.2111383056640625]	1.4501092887321647	1555403716.6928709
8500	105	inc	p+s-	288	4668	emospace1	[0.5623626708984377, 0.5382843017578125]	0.6335684797013528	1555403734.1898715
8500	106	inc	p+s-	719	5215	emospace1	[0.3415765380859376, 0.43141357421875004]	1.6837554501789782	1555403751.696873
8500	107	inc	p+s-	424	4651	emospace1	[-0.3179766845703126, 0.5461004638671877]	2.0002173167858928	1555403769.3968854
8500	108	inc	p+s-	423	5270	emospace1	[-0.6070367431640624, 0.5600103759765626]	1.8335377431831148	1555403786.8828855
8500	109	con	p-s-	283	9184	emospace1	[-1.0, 1.0]	1.4834701168410902	1555403804.4198887
8500	110	con	p-s-	713	6510	emospace1	[-0.33462951660156254, 0.46891479492187504]	2.550294728386689	1555403821.8978882
8500	111	inc	p+s-	502	8034	emospace1	[0.2498974609375, 0.4642266845703126]	2.166896590227225	1555403839.3668873
8500	112	con	p0s0	728	2525	emospace1	[0.5555401611328127, 0.0]	0.4834407010330324	1555403856.8728886
8500	113	inc	p+s-	289	8186	emospace1	[-0.5665673828125001, -0.35808715820312503]	1.917306460492	1555403874.3508885
8500	114	con	p+s+	202	4668	emospace1	[0.7891516113281251, 0.7692291259765626]	1.8003200920175004	1555403891.8238878
8500	115	inc	p-s+	360	6230	emospace1	[-0.5617218017578126, 0.50218994140625]	1.4335698004106234	1555403909.3178885
8500	116	inc	p+s-	699	8380	emospace1	[0.0, 0.5614636230468744]	1.8501504708629	1555403926.7838874
8500	117	inc	p+s-	711	8130	emospace1	[-0.3225079345703125, 0.07234497070312501]	1.6170334937996813	1555403944.2648873
8500	118	con	p-s-	420	3005	emospace1	[-1.0, 0.20639343261718746]	1.4501113898604672	1555403961.7338865
8500	119	inc	p-s+	367	9429	emospace1	[-0.5667407226562502, 0.21456054687500015]	1.5843429258884498	1555403979.2188864
