8624	60	inc	p-s+	360	6230	emospace1	[-0.6517578125, 0.39174133300781305]	6.483749615794295	1554977029.9602656
8624	61	con	p-s-	420	3005	emospace1	[0.024483642578125107, -0.46982177734375025]	8.766952459394815	1554977047.4322653
8624	62	con	p+s+	360	4656	emospace1	[0.3515991210937503, 0.09185424804687495]	7.717045989376857	1554977064.912265
8624	63	con	p+s+	355	8178	emospace1	[-0.10284667968750022, 0.09074157714843757]	8.916987938353486	1554977082.4142659
8624	64	con	p+s+	367	5470	emospace1	[0.01836364746093743, 0.1917321777343751]	8.583611481975822	1554977099.9152668
8624	65	con	p+s+	352	8186	emospace1	[0.09079223632812498, 0.12246276855468742]	8.883580085197536	1554977117.4162679
8624	66	con	p-s-	288	9325	emospace1	[0.22277648925781235, 0.499114990234375]	7.716925024733428	1554977134.919269
8624	67	inc	p+s-	420	8178	emospace1	[0.22227600097656264, 0.29455200195312575]	7.050327895227383	1554977152.4162698
8624	68	inc	p-s+	216	3015	emospace1	[0.160631103515625, 0.24187561035156258]	3.250140775229738	1554977169.918271
8624	69	inc	p+s-	106	7405	emospace1	[0.0, -0.142066650390625]	8.566960683789148	1554977187.38627
8624	70	con	p0s0	104	2810	emospace1	[0.2921258544921871, 0.18866882324218737]	8.28375423826401	1554977204.8502688
8624	71	con	p+s+	205	9156	emospace1	[0.3314752197265629, 0.27824584960937504]	7.433606019056242	1554977222.3182678
8624	72	con	p0s0	225	4279	emospace1	[0.1338079833984375, 0.23930053710937507]	5.216858389123445	1554977239.7822669
8624	73	con	p0s0	373	9402	emospace1	[1.0, 1.0]	7.816842120428191	1554977257.252266
8624	74	inc	p-s+	215	3101	emospace1	[0.3002099609375, -0.31850708007812456]	8.283563336246516	1554977274.736266
8624	75	con	p-s-	277	3053	emospace1	[-0.2728472900390625, -0.29544128417968735]	7.716952339329509	1554977292.248268
8624	76	con	p0s0	724	6570	emospace1	[-0.011992797851562608, 0.002329711914062585]	8.600298299410497	1554977309.736268
8624	77	con	p+s+	201	4800	emospace1	[0.013187866210937468, 0.356097412109375]	8.500254836184467	1554977327.220268
8624	78	con	p-s-	625	6250	emospace1	[-0.41362182617187493, 0.44002075195312534]	8.1837930189904	1554977344.6892672
8624	79	con	p0s0	322	9635	emospace1	[0, 0]	None	1554977362.170267
8624	80	con	p-s-	241	3010	emospace1	[-0.4022210693359375, 0.2436108398437501]	3.3502328644426598	1554977379.638266
8624	81	inc	p-s+	200	3005	emospace1	[-0.26377746582031253, 0.35844482421875]	2.53358524795658	1554977397.103265
8624	82	inc	p+s-	699	8380	emospace1	[0.7867590332031251, 0.868457641601563]	8.917084590006198	1554977414.5742643
8624	83	inc	p-s+	355	3150	emospace1	[-0.1544708251953128, 0.2815240478515635]	8.566997603518757	1554977432.0392635
8624	84	inc	p+s-	624	4652	emospace1	[0.08671264648437499, 0.3183905029296871]	8.983644259493303	1554977449.5082624
8624	85	inc	p+s-	719	5215	emospace1	[0.18472961425781237, 0.2536114501953125]	5.833501923429139	1554977467.0032632
8624	86	inc	p-s+	365	6510	emospace1	[0.2247564697265625, 0.26421997070312503]	2.0670201155480754	1554977484.4902632
8624	87	inc	p-s+	415	9325	emospace1	[0.6431329345703126, 0.297532958984375]	2.7668618109510135	1554977501.9972646
8624	88	inc	p-s+	367	9429	emospace1	[0.42450195312500005, 0.2705267333984376]	6.650584472341507	1554977519.4732645
8624	89	inc	p-s+	220	2683	emospace1	[0.11475830078125017, 0.11613525390625012]	8.916983135788541	1554977536.9452636
8624	90	con	p+s+	220	5623	emospace1	[0.26115295410156275, 0.22561706542968737]	1.633515850870026	1554977554.4262636
8624	91	con	p+s+	366	7501	emospace1	[0, 0]	None	1554977571.9262643
8624	92	inc	p+s-	241	8001	emospace1	[0.2341601562500001, 0.440129394531251]	9.000345784786987	1554977589.400264
8624	93	inc	p+s-	709	8193	emospace1	[0.21794494628906255, 0.2686322021484376]	4.033499101919006	1554977606.8792634
8624	94	inc	p-s+	610	3063	emospace1	[-0.29369934082031246, 0.39846191406250003]	7.8169456757696025	1554977624.3602633
8624	95	inc	p+s-	291	5621	emospace1	[0.360137939453125, 0.3448040771484378]	8.866848543861124	1554977641.8292625
8624	96	inc	p+s-	625	5470	emospace1	[0.3939648437499999, 0.3315631103515628]	5.9001615463294	1554977659.3122628
8624	97	con	p0s0	152	9468	emospace1	[0.04658996582031254, -0.30110046386718753]	7.350011346063184	1554977676.782262
8624	98	con	p+s+	817	8470	emospace1	[0.2383917236328125, 0.2646710205078127]	3.8835146502278803	1554977694.2442605
8624	99	con	p+s+	353	4660	emospace1	[0.2149566650390624, 0.20089172363281257]	8.06695197913723	1554977711.7132597
8624	100	con	p+s+	110	8380	emospace1	[0.19984680175781253, 0.15547058105468747]	4.08348991701132	1554977729.1802588
8624	101	con	p-s-	713	6510	emospace1	[0.28839172363281257, 0.2825347900390625]	8.750265942118858	1554977746.6612587
8624	102	con	p0s0	382	7079	emospace1	[-0.16567382812500003, 0.36845642089843744]	1.1168692549290427	1554977764.1382582
8624	103	inc	p-s+	202	9902	emospace1	[-0.22028137207031256, 0.44488403320312503]	8.800259758814718	1554977781.634259
8624	104	con	p+s+	415	4490	emospace1	[-0.4221887207031251, 0.2923461914062502]	1.533700509551636	1554977799.098258
8624	105	inc	p-s+	109	3261	emospace1	[-0.33199340820312506, 0.45016479492187506]	8.966950238207573	1554977816.565257
8624	106	inc	p-s+	205	9253	emospace1	[-0.2044799804687501, 0.3674517822265626]	8.367145402502501	1554977834.0342562
8624	107	con	p-s-	134	8230	emospace1	[0.09710510253906246, 0.47083557128906245]	2.0335384229329065	1554977851.4972548
8624	108	inc	p-s+	813	9423	emospace1	[0.1774694824218749, 0.4270208740234376]	8.283590650842598	1554977868.9692545
8624	109	con	p-s-	711	3261	emospace1	[-0.192742919921875, 0.5847552490234368]	4.800288574215301	1554977886.4322531
8624	110	con	p0s0	368	7595	emospace1	[-0.11087707519531252, 0.5503845214843751]	3.050191322243336	1554977903.9032524
8624	111	inc	p+s-	713	7501	emospace1	[0.05420349121093758, 0.04580261230468708]	8.350295898128024	1554977921.3852522
8624	112	con	p0s0	361	7632	emospace1	[-0.08172668457031276, 0.42136840820312493]	5.033665090624709	1554977938.8572516
8624	113	inc	p+s-	424	4651	emospace1	[0.28270202636718755, 0.3274481201171875]	4.100322612403033	1554977956.3172503
8624	114	inc	p+s-	312	8370	emospace1	[0.24616271972656237, 0.20149597167968755]	3.3001610060418898	1554977973.7862494
8624	115	inc	p+s-	255	9156	emospace1	[-0.08709777832031289, 0.36691894531250024]	9.000436133070252	1554977991.2522485
8624	116	con	p0s0	705	2309	emospace1	[0.0, 0.3230541992187501]	1.1500760006147175	1554978008.725248
8624	117	con	p-s-	423	2683	emospace1	[0.20595397949218736, 0.2588507080078127]	8.816921662937602	1554978026.2382495
8624	118	inc	p-s+	366	6263	emospace1	[-0.0012854003906251112, 0.32948913574218747]	8.700312947237762	1554978043.7112489
8624	119	inc	p-s+	210	3102	emospace1	[-0.1069207763671876, 0.4099554443359372]	8.983693785958167	1554978061.2032495
