8803	0	con	p-s-	711	3261	emospace1	[0, 0]	None	1554462032.3347402
8803	1	con	p-s-	291	1525	emospace1	[0.0, -1.0]	5.1556132135374355	1554462049.81974
8803	2	inc	p+s-	420	8178	emospace1	[1.0, -1.0]	4.488083678244948	1554462067.3037403
8803	3	con	p+s+	415	4490	emospace1	[0.0, 0.0006604003906257299]	8.892553645886437	1554462084.8067412
8803	4	con	p0s0	225	4279	emospace1	[1.0, -1.0]	3.8040640872059157	1554462102.2897413
8803	5	inc	p+s-	312	8370	emospace1	[0.6523645019531255, -0.6541058349609372]	2.4860236594486196	1554462119.7927425
8803	6	con	p+s+	813	8034	emospace1	[0.9060034179687502, 0.0]	1.4850343221387448	1554462137.2927434
8803	7	inc	p+s-	422	4800	emospace1	[0, 0]	None	1554462154.7787435
8803	8	con	p-s-	283	9184	emospace1	[-0.018242797851562572, -0.8685485839843754]	1.7019132090626954	1554462172.2827446
8803	9	con	p+s+	202	4668	emospace1	[0.6709234619140629, -0.6263317871093753]	4.137827354037654	1554462189.7877457
8803	10	inc	p-s+	415	9325	emospace1	[-0.8812536621093755, -0.017143554687500003]	1.8353948029161984	1554462207.2837465
8803	11	con	p0s0	120	1945	emospace1	[0, 0]	None	1554462224.7657464
8803	12	inc	p-s+	360	6230	emospace1	[-0.5884393310546876, -0.6888653564453124]	2.1690797272003692	1554462242.2477462
8803	13	con	p0s0	368	7595	emospace1	[0, 0]	None	1554462259.7517476
8803	14	inc	p+s-	241	8001	emospace1	[0.8998876953125003, 0.00723205566406249]	1.8020115724848438	1554462277.244748
8803	15	con	p0s0	361	7632	emospace1	[0, 0]	None	1554462294.741749
8803	16	inc	p-s+	716	9184	emospace1	[-0.013906249999999988, -0.8615655517578127]	2.018881454518123	1554462312.225749
8803	17	inc	p+s-	310	8470	emospace1	[0.8920367431640629, 0.0]	1.5350699965147214	1554462329.7217495
8803	18	con	p0s0	322	9635	emospace1	[0, 0]	None	1554462347.2077498
8803	19	inc	p+s-	134	4660	emospace1	[0.6715740966796878, -0.6425207519531251]	2.7863805832948856	1554462364.7077506
8803	20	con	p+s+	200	4697	emospace1	[0.6140991210937501, -0.6091906738281252]	1.4351010033551574	1554462382.213752
8803	21	inc	p+s-	295	5623	emospace1	[0.8972735595703129, 0.0]	2.1525305393352028	1554462399.694752
8803	22	con	p0s0	377	6010	emospace1	[0.02114196777343757, -0.9021948242187499]	5.422383396424266	1554462417.1957529
8803	23	inc	p-s+	601	3195	emospace1	[0.0052380371093750005, 0.0015368652343749518]	3.3869683625180187	1554462434.6847532
8803	24	con	p-s-	624	9902	emospace1	[-0.6454736328125001, 0.6514135742187499]	2.552735490644409	1554462452.181754
8803	25	inc	p+s-	106	7405	emospace1	[0.6723364257812504, -0.6328387451171877]	5.288906004851015	1554462469.669754
8803	26	inc	p-s+	366	6263	emospace1	[0, 0]	None	1554462487.1727552
8803	27	inc	p+s-	713	7501	emospace1	[0, 0]	None	1554462504.651755
8803	28	inc	p+s-	255	9156	emospace1	[0.6035571289062501, -0.6373596191406251]	5.322233104800034	1554462522.1527562
8803	29	con	p-s-	288	9325	emospace1	[-0.6143481445312499, -0.6287054443359377]	3.503837734273475	1554462539.6567574
8803	30	inc	p-s+	220	2683	emospace1	[0.6353790283203126, -0.6334661865234372]	1.1180186959536513	1554462557.1567583
8803	31	inc	p+s-	699	8380	emospace1	[0.6374438476562498, -0.6283953857421877]	2.1023171684537374	1554462574.6907613
8803	32	inc	p-s+	355	3150	emospace1	[-0.636571044921875, -0.6446282958984377]	2.502761649851891	1554462592.2567656
8803	33	con	p-s-	277	3053	emospace1	[-0.8425262451171873, 0.008095703125000086]	3.9708880893194873	1554462609.7527664
8803	34	inc	p+s-	624	4652	emospace1	[0.6328424072265624, -0.6641040039062497]	1.0679172858763195	1554462627.241767
8803	35	con	p0s0	705	2309	emospace1	[0.013878784179687496, -0.918070068359375]	1.0345631712589238	1554462644.7327673
8803	36	inc	p-s+	610	3063	emospace1	[-0.6229974365234374, -0.6618908691406252]	2.719608719493408	1554462662.211767
8803	37	inc	p-s+	808	3010	emospace1	[0.02118713378906254, -0.8896856689453126]	2.4860212581443193	1554462679.713768
8803	38	inc	p+s-	625	5470	emospace1	[0, 0]	None	1554462697.1977682
8803	39	con	p0s0	720	7046	emospace1	[0.0, -0.8747393798828125]	1.1680255546780245	1554462714.698769
8803	40	inc	p+s-	719	5215	emospace1	[0.6418280029296876, -0.6591241455078127]	2.736316693597473	1554462732.1947699
8803	41	con	p-s-	255	3063	emospace1	[-0.8409411621093754, 0.0]	1.7195955123206659	1554462749.6857703
8803	42	con	p-s-	289	6263	emospace1	[0, 0]	None	1554462767.1737704
8803	43	inc	p+s-	290	4697	emospace1	[-0.005886230468749836, -0.9180682373046875]	5.00525495396505	1554462784.6747715
8803	44	inc	p+s-	283	4659	emospace1	[0.0, -0.9071160888671878]	1.1346984547308239	1554462802.1567714
8803	45	inc	p-s+	110	6213	emospace1	[-0.900003051757813, 0.0]	1.1847122172039235	1554462819.6557724
8803	46	inc	p-s+	215	3101	emospace1	[-0.6247277832031248, -0.6390325927734375]	1.8688602780166548	1554462837.1407723
8803	47	con	p+s+	355	8178	emospace1	[0.8799737548828127, 0.0]	1.6018187477602623	1554462854.6417732
8803	48	con	p+s+	815	8370	emospace1	[0.8953704833984378, 0.0]	1.1179751723175286	1554462872.1287735
8803	49	con	p0s0	723	9926	emospace1	[0, 0]	None	1554462889.6287744
8803	50	inc	p-s+	201	9163	emospace1	[0.0, -0.8760070800781247]	1.4685298585645796	1554462907.1167746
8803	51	inc	p-s+	202	9902	emospace1	[-0.8473443603515631, 0.0]	0.7342419668129878	1554462924.6147757
8803	52	inc	p-s+	352	6231	emospace1	[-0.6414428710937503, -0.6231500244140631]	3.603836743735883	1554462942.106776
8803	53	inc	p+s-	260	4490	emospace1	[0.0, -0.9140991210937501]	1.0845463171062875	1554462959.6007767
8803	54	inc	p-s+	109	3261	emospace1	[-0.5862536621093749, -0.6487152099609373]	1.3181806038883224	1554462977.0857766
8803	55	inc	p+s-	423	5270	emospace1	[0.9210833740234377, 0.0]	1.1513220830202044	1554462994.5857778
8803	56	inc	p-s+	311	8230	emospace1	[0, 0]	None	1554463012.0857787
8803	57	con	p+s+	220	5623	emospace1	[0.6115704345703126, -0.6514099121093749]	1.1513529998155718	1554463029.5897796
8803	58	inc	p-s+	216	3015	emospace1	[-0.6800061035156251, -0.651572265625]	1.9355072739999741	1554463047.0737798
8803	59	con	p0s0	373	9402	emospace1	[0.014254760742187678, -0.9282312011718752]	2.7863718785665696	1554463064.5737808
