8909	60	inc	p+s-	312	8370	emospace1	[-0.12140991210937503, 0.5013714599609379]	6.283491898069769	1554455275.1098464
8909	61	inc	p+s-	289	8186	emospace1	[-0.3211065673828125, 0.179222412109375]	3.500162987100339	1554455292.5778456
8909	62	inc	p+s-	295	5623	emospace1	[0.49077880859375006, 0.13265808105468752]	2.5168414000454504	1554455310.0638454
8909	63	inc	p+s-	283	4659	emospace1	[0.5301544189453126, 0.5939776611328125]	4.083531038986621	1554455327.5458455
8909	64	con	p+s+	367	5470	emospace1	[1.0, 0.16966857910156255]	2.200061112658659	1554455345.035846
8909	65	inc	p-s+	813	9423	emospace1	[-0.0027386474609375246, 0.27654968261718776]	8.916882582052494	1554455362.538847
8909	66	inc	p-s+	355	3150	emospace1	[-1.0, 0.759706420898438]	5.266883722661078	1554455380.2688608
8909	67	inc	p+s-	134	4660	emospace1	[0.32416748046875, -0.23658142089843762]	7.733148394501768	1554455397.7628615
8909	68	con	p-s-	420	3005	emospace1	[-1.0, 0.848196411132813]	4.950333358146963	1554455415.2288606
8909	69	con	p-s-	502	6231	emospace1	[-0.5819860839843752, -0.2703167724609376]	4.100132911027686	1554455432.756863
8909	70	con	p0s0	724	6570	emospace1	[0.14476074218749996, -0.26285034179687505]	2.2834603812279965	1554455450.2378628
8909	71	con	p-s-	241	3010	emospace1	[-1.0, 0.19343872070312507]	2.000724887378965	1554455467.7338636
8909	72	inc	p+s-	625	5470	emospace1	[-0.4248999023437499, -0.19073059082031252]	7.733640657566866	1554455485.1978626
8909	73	con	p-s-	711	3261	emospace1	[-1.0, 0.818768310546875]	4.066900051388075	1554455502.6738622
8909	74	inc	p+s-	423	5270	emospace1	[1.0, -0.6666729736328123]	3.416948317180868	1554455520.174863
8909	75	con	p0s0	723	9926	emospace1	[-0.6394696044921878, -0.2250921630859375]	4.250348486231815	1554455537.6628633
8909	76	con	p+s+	808	8341	emospace1	[0.46369323730468776, 0.27012268066406253]	8.316939672560693	1554455555.1338627
8909	77	con	p+s+	220	5623	emospace1	[1.0, 0.6008447265625003]	5.183699368943053	1554455572.6198628
8909	78	inc	p-s+	367	9429	emospace1	[-0.7514385986328125, 0.1793109130859378]	3.4834959802519734	1554455590.0978627
8909	79	inc	p+s-	293	2300	emospace1	[0.299287109375, 0.12531372070312502]	2.6669837361077953	1554455607.606864
8909	80	con	p-s-	134	8230	emospace1	[-0.4446441650390624, -0.21412170410156256]	3.31730947017968	1554455625.105865
8909	81	inc	p+s-	310	8470	emospace1	[-0.5767388916015622, -0.37395629882812514]	2.150289414663348	1554455642.592865
8909	82	con	p-s-	624	9902	emospace1	[-0.7514514160156255, 0.1722174072265625]	6.867017234009836	1554455660.0698647
8909	83	inc	p+s-	711	8130	emospace1	[-0.20703796386718762, -0.6205035400390626]	6.9175084164980944	1554455677.5588648
8909	84	inc	p+s-	422	4800	emospace1	[0.6476568603515619, 0.6320465087890625]	7.033636275225945	1554455695.058866
8909	85	inc	p+s-	420	8178	emospace1	[-0.4226599121093751, 0.21203857421875]	1.984411169329178	1554455712.5378656
8909	86	con	p+s+	817	8470	emospace1	[0.7139721679687492, 0.47597961425781254]	6.066960983949684	1554455730.0028646
8909	87	inc	p-s+	415	9325	emospace1	[-0.1959429931640625, 0.535797119140625]	3.7506450447126554	1554455747.4978652
8909	88	con	p-s-	709	9163	emospace1	[-0.8275402832031247, 0.17450744628906253]	3.216900711740891	1554455764.9948661
8909	89	inc	p+s-	502	8034	emospace1	[-0.23468872070312508, 0.24984497070312503]	0.6002808901066601	1554455782.4728658
8909	90	con	p-s-	288	9325	emospace1	[-0.2968853759765625, 0.43657165527343744]	2.200295838096281	1554455799.943865
8909	91	inc	p-s+	109	3261	emospace1	[-1.0, 0.8150640869140631]	3.550657471352679	1554455817.4218647
8909	92	con	p0s0	132	7249	emospace1	[0.0, 0.39534545898437495]	0.9002206779296102	1554455834.9148655
8909	93	inc	p+s-	624	4652	emospace1	[0.21697631835937498, 0.46503662109375]	5.183711375359053	1554455852.3918648
8909	94	con	p+s+	110	8380	emospace1	[0.6376751708984381, 0.0]	4.700326154295908	1554455869.858864
8909	95	inc	p-s+	808	3010	emospace1	[-0.6442968749999999, 1.0]	6.85017373284245	1554455887.3228629
8909	96	con	p0s0	358	2115	emospace1	[-0.3603271484374999, 0.14593872070312502]	4.166981634985859	1554455904.8278642
8909	97	inc	p+s-	290	4697	emospace1	[0.07777526855468753, 0.7441613769531252]	2.8504864999849815	1554455922.3148644
8909	98	inc	p-s+	201	9163	emospace1	[-0.33687866210937506, 0.016029663085937496]	5.416850765048366	1554455939.7988644
8909	99	con	p+s+	415	4490	emospace1	[-1.0, -0.2472943115234375]	2.11685484723057	1554455957.275864
8909	100	inc	p+s-	291	5621	emospace1	[0.14970458984374968, 0.17329895019531244]	6.61723034789793	1554455974.7708647
8909	101	con	p+s+	365	8193	emospace1	[0.42745605468749975, 0.2640869140625002]	3.2002370066566073	1554455992.2458642
8909	102	inc	p+s-	277	4647	emospace1	[0.0, 0.9082812500000005]	0.9335099677282415	1554456009.727864
8909	103	inc	p+s-	719	5215	emospace1	[-0.15193481445312498, 0.7053167724609378]	1.1335872890485916	1554456027.2308652
8909	104	inc	p-s+	365	6510	emospace1	[-0.4390985107421876, -0.19015258789062503]	3.7671451623737084	1554456044.728866
8909	105	inc	p-s+	210	3102	emospace1	[-1.0, 0.5475018310546874]	2.016706027699911	1554456062.193865
8909	106	inc	p-s+	601	3195	emospace1	[-0.9100390625, 0.2777764892578125]	4.900294217230112	1554456079.6658642
8909	107	con	p0s0	130	7092	emospace1	[0.5110681152343745, -0.3169781494140625]	5.900411279788386	1554456097.145864
8909	108	con	p+s+	353	4660	emospace1	[0.39713134765624997, -0.0003552246093751054]	8.950399393435873	1554456114.612863
8909	109	inc	p-s+	378	3120	emospace1	[-1.0, 0.490174560546875]	4.516990579764752	1554456132.1198642
8909	110	con	p+s+	205	9156	emospace1	[1.0, 0.5118749999999999]	8.650266302311138	1554456149.596864
8909	111	con	p0s0	425	7560	emospace1	[-0.26346801757812527, -0.5310980224609374]	3.566879940641229	1554456167.077864
8909	112	con	p0s0	728	2525	emospace1	[-0.8440637207031256, -0.2036444091796875]	0.8501269078205951	1554456184.562864
8909	113	con	p+s+	201	4800	emospace1	[1.0, 0.8477203369140626]	3.6335737818299094	1554456202.0338633
8909	114	inc	p-s+	353	6370	emospace1	[-0.3234814453125002, 0.10308593750000002]	5.383541964825781	1554456219.5158632
8909	115	inc	p-s+	610	3063	emospace1	[-1.0, 1.0]	7.216942434037264	1554456236.9838622
8909	116	con	p0s0	152	9468	emospace1	[0.0, 0.49906738281250007]	1.600246371661342	1554456254.4618618
8909	117	con	p+s+	200	4697	emospace1	[1.0, 0.5455834960937502]	4.5835364418744575	1554456271.9388616
8909	118	inc	p-s+	311	8230	emospace1	[-0.2568768310546876, 0.0]	1.9003374403273483	1554456289.4158611
8909	119	con	p-s-	289	6263	emospace1	[-1.0, -0.30396240234375]	1.4835755227595655	1554456306.8918607
