8958	60	con	p0s0	361	7632	emospace1	[0.018649291992187508, 0.14033508300781253]	3.4671213296387577	1554460127.7318816
8958	61	inc	p-s+	311	8230	emospace1	[-0.2549066162109374, 0.22651550292968758]	2.6501342317333183	1554460145.1928804
8958	62	con	p+s+	220	5623	emospace1	[0.12325622558593748, 0.32906860351562506]	6.133628411023892	1554460162.6648798
8958	63	inc	p-s+	601	3195	emospace1	[-0.46481018066406243, 0.1796453857421875]	5.800342302927675	1554460180.133879
8958	64	inc	p-s+	353	6370	emospace1	[0.18983642578125004, 0.28031738281250007]	5.600866803219105	1554460197.5958776
8958	65	inc	p-s+	365	6510	emospace1	[0, 0]	None	1554460215.0618768
8958	66	inc	p-s+	367	9429	emospace1	[-0.27969116210937506, -0.07594421386718751]	1.2167941547959344	1554460232.5288758
8958	67	inc	p+s-	312	8370	emospace1	[-0.19953308105468753, -0.056030273437500014]	2.000108357906356	1554460250.000875
8958	68	con	p0s0	152	9468	emospace1	[0.0403533935546875, 0.2498492431640625]	4.817040826617813	1554460267.4688742
8958	69	inc	p+s-	711	8130	emospace1	[0.10596496582031256, 0.2994995117187501]	6.983468965816428	1554460284.931873
8958	70	inc	p-s+	220	2683	emospace1	[-0.24782958984375003, 0.3818365478515625]	6.28269197058944	1554460302.3998723
8958	71	con	p-s-	625	6250	emospace1	[-0.36845520019531264, 0.2737762451171875]	1.166945615737859	1554460319.8638709
8958	72	inc	p+s-	424	4651	emospace1	[0.28844604492187514, 0.17403259277343755]	5.683388402761921	1554460337.3328702
8958	73	inc	p-s+	817	1525	emospace1	[-0.23436340332031258, 0.08767944335937504]	4.917067480861078	1554460354.8018694
8958	74	con	p+s+	202	4668	emospace1	[0.4409454345703134, 0.5190802001953115]	6.916878079646267	1554460372.275869
8958	75	inc	p+s-	699	8380	emospace1	[0, 0]	None	1554460389.7538686
8958	76	inc	p-s+	215	3101	emospace1	[-0.6643841552734376, 0.38922180175781246]	4.81720141243386	1554460407.2188675
8958	77	con	p+s+	808	8341	emospace1	[0.23330871582031262, 0.12171997070312503]	2.0342125832048623	1554460424.6858666
8958	78	inc	p-s+	815	9622	emospace1	[0.00916748046875002, 0.34203796386718754]	6.350372439032071	1554460442.1518655
8958	79	inc	p+s-	106	7405	emospace1	[-0.28157775878906244, 0.0]	0.9836358550001023	1554460459.624865
8958	80	inc	p-s+	360	6230	emospace1	[-0.3790490722656253, 0.19391052246093765]	8.916823150291748	1554460477.1018648
8958	81	inc	p+s-	420	8178	emospace1	[-0.353074951171875, 0.23177124023437495]	6.717093414721603	1554460494.5678635
8958	82	inc	p+s-	625	5470	emospace1	[-0.25734680175781255, -0.0041265869140625]	0.6835246755854314	1554460512.038863
8958	83	con	p0s0	322	9635	emospace1	[-0.3470208740234377, -0.22232299804687508]	8.71707480477562	1554460529.5068622
8958	84	con	p+s+	352	8186	emospace1	[0.09109130859374993, -0.16634704589843746]	3.266865713037987	1554460546.9728608
8958	85	con	p0s0	132	7249	emospace1	[0.04578796386718748, -0.49681213378906275]	5.066762878082955	1554460564.4418602
8958	86	inc	p+s-	624	4652	emospace1	[0.23413818359374974, 0.5040734863281248]	6.349684471380897	1554460581.9028587
8958	87	inc	p+s-	423	5270	emospace1	[-0.17168701171875012, -0.6214074707031252]	6.78356213560437	1554460599.371858
8958	88	con	p0s0	377	6010	emospace1	[-0.001028442382812498, -0.6934332275390621]	6.583773268435834	1554460616.8418572
8958	89	con	p0s0	723	9926	emospace1	[0.01024475097656252, -0.5742645263671875]	3.30022103812189	1554460634.3088562
8958	90	con	p-s-	288	9325	emospace1	[-0.4937121582031247, 0.5283947753906252]	3.200293736974345	1554460651.7768552
8958	91	inc	p+s-	134	4660	emospace1	[0.28507019042968745, 0.3559405517578126]	3.483433246727145	1554460669.2388542
8958	92	con	p-s-	134	8230	emospace1	[0, 0]	None	1554460686.7068534
8958	93	inc	p+s-	502	8034	emospace1	[0.0, -0.4979229736328125]	0.5835028239107487	1554460704.1778526
8958	94	inc	p+s-	241	8001	emospace1	[0.0, -0.38823730468750006]	2.583572761282994	1554460721.6498518
8958	95	con	p0s0	358	2115	emospace1	[-0.3867211914062501, 0.23231384277343775]	7.550255256408491	1554460739.1388521
8958	96	con	p-s-	502	6231	emospace1	[-0.09032165527343751, -0.42189270019531266]	0.6010907228828728	1554460756.617852
8958	97	con	p+s+	415	4490	emospace1	[-0.5528991699218742, -0.21579162597656246]	5.800253455445272	1554460774.0938513
8958	98	con	p-s-	624	9902	emospace1	[-0.4620355224609376, -0.29395874023437507]	2.7832733812938386	1554460791.5608506
8958	99	con	p0s0	130	7092	emospace1	[0.40496826171874994, 0.22566772460937515]	4.33356195550914	1554460809.0388503
8958	100	con	p-s-	711	3261	emospace1	[-0.6392797851562502, 0.6230371093749998]	4.466767740679643	1554460826.5118496
8958	101	con	p-s-	283	9184	emospace1	[-0.2189227294921876, -0.26602355957031243]	2.2838259766012925	1554460844.1338575
8958	102	con	p0s0	425	7560	emospace1	[-0.002675781249999988, -0.47681152343750005]	7.133875743196768	1554460861.729864
8958	103	inc	p+s-	295	5623	emospace1	[-0.3103173828125001, 0.07672180175781251]	2.9666020521362952	1554460879.196863
8958	104	inc	p+s-	289	8186	emospace1	[-0.14951843261718767, 0.04539611816406251]	7.750205309717785	1554460896.662862
8958	105	inc	p+s-	310	8470	emospace1	[-0.032884521484375054, -0.18769104003906253]	6.26695035827106	1554460914.1288612
8958	106	inc	p+s-	501	4656	emospace1	[0.1675640869140625, 0.2672790527343749]	5.500225420464631	1554460931.5968602
8958	107	con	p-s-	423	2683	emospace1	[-0.08974548339843755, 0.44335449218750017]	5.683653144240452	1554460949.0648594
8958	108	con	p0s0	705	2309	emospace1	[0.24979980468749993, -0.15296569824218753]	2.700152361421715	1554460966.5358586
8958	109	inc	p+s-	276	8341	emospace1	[0.0018957519531250019, 0.2742376708984376]	3.6835675985257694	1554460983.9988575
8958	110	con	p-s-	106	6213	emospace1	[0.13016235351562502, 0.24813537597656252]	7.51696836789597	1554461001.4808574
8958	111	con	p+s+	200	4697	emospace1	[0.45951293945312505, 0.41656555175781257]	1.9501745732923155	1554461018.9518566
8958	112	inc	p-s+	110	6213	emospace1	[0.011575927734374996, 0.17665344238281255]	3.883508046699717	1554461036.4148555
8958	113	inc	p+s-	703	4611	emospace1	[0.32283935546874987, -0.2658642578125]	3.116970108827445	1554461053.8848548
8958	114	inc	p+s-	422	4800	emospace1	[0.35632141113281257, -0.32475097656249996]	4.2507203849745565	1554461071.3528538
8958	115	con	p+s+	355	8178	emospace1	[-0.042207031250000006, 0.2834063720703126]	3.9669799540879467	1554461088.818853
8958	116	con	p-s-	241	3010	emospace1	[-0.5459124755859371, 0.6561505126953125]	4.350098092420012	1554461106.285852
8958	117	con	p+s+	110	8380	emospace1	[-0.27946899414062487, -0.025921630859374777]	8.73369858852493	1554461123.7518508
8958	118	inc	p-s+	716	9184	emospace1	[0.0, -0.27110351562500007]	0.7335205934050464	1554461141.5078664
8958	119	inc	p-s+	216	3015	emospace1	[-1.0, 1.0]	1.6505043295128417	1554461158.9898663
