9296	60	con	p-s-	625	6250	emospace1	[-0.23804870605468767, -0.22126098632812502]	4.805175485779273	1555054883.9103982
9296	61	inc	p-s+	601	3195	emospace1	[-0.3067230224609375, 0.0]	1.1846748902617037	1555054901.4023988
9296	62	con	p+s+	352	8186	emospace1	[0.0, 0.08618286132812501]	7.39097993967971	1555054918.965403
9296	63	inc	p+s-	290	4697	emospace1	[-0.2621838378906252, 0.27841613769531237]	5.822749877534534	1555054936.4694045
9296	64	inc	p-s+	367	9429	emospace1	[-0.29750305175781255, 0.25125915527343756]	1.9187925027135861	1555054954.0634108
9296	65	inc	p+s-	288	4668	emospace1	[0.12910522460937507, 0.3142376708984374]	6.17346570007021	1555054971.5784123
9296	66	con	p+s+	110	8380	emospace1	[0.30475524902343754, 0.2593896484375]	6.740260995476092	1555054989.138417
9296	67	inc	p-s+	351	6250	emospace1	[-0.029417114257812488, 0.279637451171875]	6.773708169645943	1555055006.6374178
9296	68	inc	p+s-	276	8341	emospace1	[0, 0]	None	1555055024.1424189
9296	69	con	p-s-	711	3261	emospace1	[-0.44394653320312505, 0.30610534667968753]	3.6375154882771312	1555055041.64142
9296	70	con	p-s-	255	3063	emospace1	[-0.6514215087890627, 0.172064208984375]	2.5360927879860355	1555055059.2244256
9296	71	inc	p-s+	201	9163	emospace1	[-0.4092498779296874, -0.27003112792968764]	4.505077213262666	1555055076.733427
9296	72	con	p+s+	815	8370	emospace1	[-0.251260986328125, 0.3538903808593753]	4.554777773241767	1555055094.3294334
9296	73	con	p0s0	120	1945	emospace1	[0.0, 0.36250488281250004]	1.9021125889676114	1555055111.8464353
9296	74	inc	p-s+	365	6510	emospace1	[-0.17640686035156256, -0.32443603515625]	6.4733940817973235	1555055129.362437
9296	75	con	p+s+	813	8034	emospace1	[0.4458599853515627, -0.001990966796875009]	2.552751990663637	1555055146.968444
9296	76	con	p0s0	132	7249	emospace1	[0.0, -0.22824829101562502]	4.98867134596685	1555055164.4784458
9296	77	inc	p+s-	502	8034	emospace1	[0.0, -0.23269287109375003]	1.3850274586739033	1555055182.051451
9296	78	inc	p+s-	423	5270	emospace1	[-0.27110168457031253, -0.22287048339843749]	6.723664526322864	1555055199.5654526
9296	79	inc	p-s+	353	6370	emospace1	[-0.4100079345703125, 0.23923522949218745]	1.936016607275178	1555055217.1494582
9296	80	inc	p+s-	255	9156	emospace1	[-0.355946044921875, -0.22666198730468756]	4.154291753513462	1555055234.6554596
9296	81	con	p+s+	360	4656	emospace1	[-0.021997070312499978, 0.37791198730468756]	6.173478606968274	1555055252.2384653
9296	82	inc	p+s-	422	4800	emospace1	[0.00011474609374998064, 0.381429443359375]	7.124145443324778	1555055269.7234652
9296	83	inc	p+s-	277	4647	emospace1	[0.04249755859375005, 0.38391662597656256]	8.658892312051648	1555055287.2294667
9296	84	inc	p-s+	808	3010	emospace1	[-0.3588494873046874, 0.223924560546875]	3.1533543525665664	1555055304.7284675
9296	85	con	p+s+	367	5470	emospace1	[0.034053344726562504, 0.34081420898437487]	5.6558970113628675	1555055322.2954724
9296	86	inc	p-s+	204	3053	emospace1	[-0.39485229492187507, 0.3309472656250001]	2.719603356033076	1555055339.8564768
9296	87	inc	p-s+	360	6230	emospace1	[-0.4823474121093747, 0.15437255859374982]	7.657944405490525	1555055357.3744786
9296	88	inc	p+s-	709	8193	emospace1	[-0.3781280517578125, 0.30016052246093755]	1.7686033416257487	1555055374.948484
9296	89	con	p+s+	366	7501	emospace1	[0.0, 0.01248657226562498]	6.523541880781522	1555055392.4634857
9296	90	inc	p-s+	311	8230	emospace1	[0.0, 0.24860534667968753]	1.552581799714062	1555055410.0494914
9296	91	inc	p+s-	624	4652	emospace1	[0.37563171386718747, 0.1609710693359375]	5.839401576202363	1555055427.5524926
9296	92	con	p0s0	152	9468	emospace1	[0.0, 0.28252441406249995]	2.536049564887435	1555055445.1595
9296	93	con	p0s0	705	2309	emospace1	[0.0, -0.209088134765625]	3.387068249272488	1555055462.7255044
9296	94	con	p0s0	724	6570	emospace1	[0.0, 0.12422912597656253]	2.702888323519801	1555055480.2195048
9296	95	con	p0s0	425	7560	emospace1	[0.1201861572265624, 0.0]	7.474371103918202	1555055497.7265065
9296	96	con	p+s+	215	4651	emospace1	[0.42634399414062507, 0.108128662109375]	5.105320283159017	1555055515.308512
9296	97	inc	p+s-	134	4660	emospace1	[0.19500061035156244, 0.2886035156250001]	3.2201175308082384	1555055532.8095129
9296	98	inc	p+s-	291	5621	emospace1	[0.2407879638671876, 0.3873492431640626]	8.35860854040402	1555055550.312514
9296	99	con	p+s+	415	4490	emospace1	[-0.4120483398437497, 0.0284417724609375]	7.574471897782132	1555055567.812515
9296	100	con	p-s-	709	9163	emospace1	[-0.3520355224609376, 0.0]	2.2524306989662364	1555055585.400521
9296	101	con	p0s0	723	9926	emospace1	[0, 0]	None	1555055602.916523
9296	102	inc	p-s+	200	3005	emospace1	[-0.2452508544921876, 0.23654479980468762]	5.121987890328455	1555055620.4615266
9296	103	inc	p-s+	378	3120	emospace1	[-0.36520019531250003, 0.0]	4.37125369797559	1555055638.0485322
9296	104	inc	p+s-	713	7501	emospace1	[-0.165177001953125, -0.08729919433593752]	4.221070239936125	1555055655.5355325
9296	105	inc	p+s-	711	8130	emospace1	[0.0, -0.3839556884765626]	3.4536498304687484	1555055673.165541
9296	106	con	p-s-	502	6231	emospace1	[-0.17342285156250004, -0.3038494873046875]	3.1033767445323974	1555055690.6625419
9296	107	inc	p+s-	310	8470	emospace1	[0.0, -0.20983764648437508]	7.140675877189096	1555055708.1895442
9296	108	con	p-s-	719	6821	emospace1	[-0.34440002441406253, 0.3720379638671874]	3.920915837424218	1555055725.757549
9296	109	con	p-s-	106	6213	emospace1	[-0.2206475830078125, 0.3328338623046874]	1.3682205770764995	1555055743.275551
9296	110	inc	p+s-	295	5623	emospace1	[-0.2868853759765626, -0.27999023437500004]	6.072981601368156	1555055760.8615568
9296	111	inc	p+s-	703	4611	emospace1	[0.4399829101562498, 0.2484405517578125]	3.086654808329513	1555055778.3765585
9296	112	con	p0s0	358	2115	emospace1	[0.0, 0.28594360351562503]	4.2878364197831615	1555055795.971565
9296	113	con	p-s-	288	9325	emospace1	[-0.47457763671874953, 0.37837646484375054]	5.35558322367433	1555055813.4685657
9296	114	inc	p+s-	312	8370	emospace1	[0.0, 0.4559051513671874]	6.306553222042567	1555055831.0315702
9296	115	con	p+s+	808	8341	emospace1	[0.45598327636718766, 0.41156921386718764]	6.540046801010249	1555055848.5515726
9296	116	con	p-s-	134	8230	emospace1	[-0.2801202392578126, 0.39220031738281236]	3.0365694427100607	1555055866.148579
9296	117	con	p-s-	420	3005	emospace1	[-0.3342272949218751, 0.23250183105468755]	3.7539579151098224	1555055883.635579
9296	118	con	p-s-	283	9184	emospace1	[-0.2667419433593751, 0.15062744140625]	4.321245473581257	1555055901.2095845
9296	119	con	p0s0	720	7046	emospace1	[0.020433349609375002, 0.4042425537109376]	3.9875103255180875	1555055918.7675886
