9702	60	con	p0s0	724	6570	emospace1	[0.6190295410156248, -0.6063336181640626]	3.120004130207235	1555574255.981886
9702	61	inc	p-s+	813	9423	emospace1	[-0.6575207519531252, -0.628137817382812]	4.070972327611344	1555574273.4888873
9702	62	con	p+s+	817	8470	emospace1	[0.6155310058593743, 0.607699584960937]	1.336079700992741	1555574290.9788878
9702	63	inc	p-s+	351	6250	emospace1	[0, 0]	None	1555574308.469888
9702	64	inc	p+s-	241	8001	emospace1	[-0.8990222167968749, -0.0033685302734375814]	4.655372030812941	1555574325.9808896
9702	65	inc	p+s-	422	4800	emospace1	[0.65728271484375, -0.6602148437500006]	5.27218245430322	1555574343.573896
9702	66	inc	p+s-	709	8193	emospace1	[-0.6709844970703124, 0.5912945556640627]	1.7519510426373017	1555574361.057896
9702	67	con	p-s-	241	3010	emospace1	[-0.6301751708984377, 0.6235968017578123]	3.6372429426282906	1555574378.543896
9702	68	con	p-s-	134	8230	emospace1	[-0.9117718505859381, -0.00030029296875019266]	4.488056917616632	1555574396.0268962
9702	69	con	p0s0	358	2115	emospace1	[-0.6409100341796878, 0.6484100341796879]	3.136747377799111	1555574413.544898
9702	70	inc	p+s-	134	4660	emospace1	[0.5964965820312503, 0.6450048828125]	1.2681161812870414	1555574431.028898
9702	71	inc	p-s+	367	9429	emospace1	[0.0048992919921875015, -0.917366333007812]	3.1199942249140804	1555574448.5368996
9702	72	inc	p-s+	204	3053	emospace1	[-0.6088055419921874, 0.6699188232421874]	5.956206896965341	1555574466.048901
9702	73	con	p0s0	361	7632	emospace1	[0.907282104492188, 0.0]	1.451713795852811	1555574483.6609082
9702	74	inc	p-s+	360	6230	emospace1	[0.5923638916015626, -0.6429937744140625]	4.3379082781839315	1555574501.1949112
9702	75	con	p+s+	815	8370	emospace1	[0.6150671386718751, 0.6329907226562501]	1.40116798417057	1555574518.704913
9702	76	inc	p+s-	291	5621	emospace1	[0.668272094726563, 0.6151684570312502]	3.1033299195096333	1555574536.1999135
9702	77	inc	p+s-	283	4659	emospace1	[-0.010922851562499971, 0.8904595947265633]	5.155500499467053	1555574553.869924
9702	78	inc	p-s+	205	9253	emospace1	[-0.6557922363281254, 0.6204748535156254]	2.5694739268665217	1555574571.3609247
9702	79	con	p+s+	202	4668	emospace1	[0.6142700195312498, 0.6694238281250001]	1.71861882990288	1555574588.8659258
9702	80	inc	p+s-	289	8186	emospace1	[0.6399859619140625, 0.6286267089843748]	2.035631441442092	1555574606.3829277
9702	81	inc	p+s-	625	5470	emospace1	[0.8463226318359376, -0.031510009765624895]	3.103319413895406	1555574623.8619275
9702	82	con	p0s0	382	7079	emospace1	[0.0, -0.8980017089843754]	3.9208651103153898	1555574641.3739293
9702	83	con	p+s+	220	5623	emospace1	[0.5968066406250002, 0.633289184570312]	1.0846095153247006	1555574658.9639351
9702	84	inc	p-s+	601	3195	emospace1	[0.0, 0.856109008789062]	2.4026471746501556	1555574676.5709422
9702	85	con	p+s+	808	8341	emospace1	[0.6184143066406249, 0.6184497070312501]	2.235948891087901	1555574694.18695
9702	86	inc	p+s-	719	5215	emospace1	[-0.6548718261718751, 0.6114135742187498]	1.6018963534115755	1555574711.759955
9702	87	con	p0s0	152	9468	emospace1	[0.8566357421875004, 0.0]	1.4349600426467077	1555574729.379963
9702	88	con	p-s-	709	9163	emospace1	[-0.6182824707031253, 0.659219970703125]	0.7342625899282211	1555574746.9069653
9702	89	con	p0s0	120	1945	emospace1	[0.656484985351563, -0.6456011962890622]	2.569691543160843	1555574764.4129665
9702	90	inc	p+s-	312	8370	emospace1	[-0.010149536132812392, 0.8506347656250001]	4.788373706908715	1555574781.889966
9702	91	con	p0s0	425	7560	emospace1	[0.9422064208984374, 0.0]	1.0513682511937077	1555574799.3859668
9702	92	inc	p+s-	501	4656	emospace1	[0.8960034179687502, 0.0]	3.5370680091436952	1555574816.8749673
9702	93	inc	p-s+	215	3101	emospace1	[-0.6642205810546877, 0.6306707763671879]	3.0533138909431727	1555574834.3819685
9702	94	con	p0s0	705	2309	emospace1	[0.629866333007812, -0.6623638916015626]	2.052271734014539	1555574851.8859696
9702	95	inc	p+s-	699	8380	emospace1	[-0.0231280517578125, -0.924724121093751]	2.169056043549972	1555574869.4969769
9702	96	inc	p+s-	277	4647	emospace1	[-0.8642150878906243, 0.0]	2.8864166010316694	1555574887.099984
9702	97	con	p+s+	813	8034	emospace1	[0.6577270507812504, 0.6017041015625001]	3.120018537906617	1555574904.6819894
9702	98	inc	p+s-	310	8470	emospace1	[0.0, -0.9322027587890613]	2.319213987954754	1555574922.1659894
9702	99	inc	p+s-	624	4652	emospace1	[0.6744232177734379, -0.6744281005859375]	2.786360831228194	1555574939.6509895
9702	100	con	p-s-	291	1525	emospace1	[-0.6756341552734376, 0.661722412109375]	1.45166847163091	1555574957.1559908
9702	101	inc	p+s-	293	2300	emospace1	[0.0, -0.8650744628906253]	1.7352735301737994	1555574974.6749928
9702	102	con	p+s+	366	7501	emospace1	[0.611572265625, 0.587191162109375]	0.7676296212694069	1555574992.2579987
9702	103	inc	p-s+	820	6821	emospace1	[0.9334637451171878, 0.0]	0.8009921502052748	1555575009.8400042
9702	104	inc	p+s-	276	8341	emospace1	[0.8802868652343748, 0.0]	2.9031085211936443	1555575027.3250043
9702	105	inc	p+s-	424	4651	emospace1	[0.8622692871093753, -0.015107421875000027]	6.890005318842668	1555575044.8080041
9702	106	inc	p+s-	711	8130	emospace1	[0.6674383544921876, -0.6418774414062499]	4.438124333643827	1555575062.304005
9702	107	con	p+s+	352	8186	emospace1	[0.6468090820312504, 0.6093817138671875]	0.8009597328818927	1555575079.7960055
9702	108	con	p-s-	277	3053	emospace1	[-0.6343847656249999, 0.6341076660156252]	2.7863332164706662	1555575097.289006
9702	109	inc	p+s-	703	4611	emospace1	[0.6098767089843754, 0.6359045410156247]	2.6862684418556455	1555575114.8010075
9702	110	con	p0s0	377	6010	emospace1	[0.0, -0.8501263427734366]	2.9865339037178273	1555575132.3020086
9702	111	inc	p-s+	352	6231	emospace1	[0.0, 0.9300024414062505]	1.1846974022919312	1555575149.7920089
9702	112	con	p-s-	255	3063	emospace1	[-0.6367724609375, 0.6481335449218752]	4.5214347547325815	1555575167.418017
9702	113	con	p0s0	728	2525	emospace1	[-0.9134588623046869, -0.012528076171874986]	3.1700585793050777	1555575184.9990225
9702	114	inc	p-s+	817	1525	emospace1	[0.0, -0.9033087158203121]	4.2711721143787145	1555575202.5870287
9702	115	inc	p-s+	109	3261	emospace1	[-0.6356341552734377, 0.6251586914062499]	1.718604422203498	1555575220.1930358
9702	116	inc	p-s+	210	3102	emospace1	[-0.625631103515625, 0.6436004638671877]	2.502704445256313	1555575237.7730412
9702	117	con	p-s-	423	2683	emospace1	[0.0, 0.8675140380859379]	3.4036698211530165	1555575255.360047
9702	118	con	p-s-	283	9184	emospace1	[-0.6291699218749994, 0.6350396728515626]	2.035648250424856	1555575272.8490472
9702	119	con	p-s-	711	3261	emospace1	[-0.6637548828125004, 0.6342224121093751]	0.9344926928952191	1555575290.328047
