9740	60	inc	p-s+	353	6370	emospace1	[0.27709594726562475, -0.21717224121093745]	7.6580077640164745	1554452767.954836
9740	61	con	p0s0	130	7092	emospace1	[-0.268469848632813, -0.2767199707031251]	4.054314798367159	1554452785.4968395
9740	62	con	p-s-	277	3053	emospace1	[-1.0, 1.0]	3.7707279823671342	1554452803.0198414
9740	63	inc	p+s-	277	4647	emospace1	[-0.51239501953125, 0.6269232177734381]	5.205548633462968	1554452820.6288488
9740	64	inc	p+s-	291	5621	emospace1	[-0.3651849365234375, -0.06656250000000011]	5.639333121818709	1554452838.2258554
9740	65	con	p+s+	355	8178	emospace1	[0.5703039550781248, 0.13047241210937502]	4.471601126571841	1554452855.757858
9740	66	con	p-s-	260	3102	emospace1	[-1.0, 0.3541607666015625]	5.288950729141106	1554452873.243858
9740	67	inc	p+s-	260	4490	emospace1	[-0.7336206054687499, 0.16610717773437506]	3.120068509207158	1554452890.7608602
9740	68	inc	p-s+	360	6230	emospace1	[-0.5314208984375004, -0.08587097167968752]	2.41931242857936	1554452908.264861
9740	69	inc	p-s+	366	6263	emospace1	[0.4849029541015626, -0.09191772460937503]	3.7373447519339607	1554452925.777863
9740	70	inc	p+s-	625	5470	emospace1	[0.17622375488281233, 0.12234863281250002]	4.2044773516499845	1554452943.3638687
9740	71	inc	p+s-	310	8470	emospace1	[0.6478100585937497, 0.041464233398437536]	6.64036508227673	1554452960.9478745
9740	72	con	p+s+	205	9156	emospace1	[0.3647473144531249, 0.0]	1.2352710757213572	1554452978.4338746
9740	73	inc	p-s+	367	9429	emospace1	[0.4112567138671875, 0.1455157470703125]	3.0867396082812775	1554452995.9328756
9740	74	con	p-s-	289	6263	emospace1	[-0.48345825195312514, -0.2079296875]	4.6383536898893	1554453013.423876
9740	75	con	p0s0	720	7046	emospace1	[-0.28799072265624986, -0.025366210937500015]	5.0219872412708355	1554453030.9038758
9740	76	inc	p-s+	415	9325	emospace1	[-0.7047418212890617, 0.07110290527343749]	3.9208266009263752	1554453048.391876
9740	77	inc	p+s-	423	5270	emospace1	[-0.096259765625, -0.37045959472656237]	3.4870637243084275	1554453065.9388797
9740	78	con	p-s-	423	2683	emospace1	[-0.3198565673828124, -0.16491577148437503]	1.501711379450171	1554453083.4918838
9740	79	inc	p+s-	699	8380	emospace1	[-0.41855895996093756, -0.21538818359375]	3.8210389062305694	1554453100.9758837
9740	80	inc	p+s-	290	4697	emospace1	[-0.466732177734375, 0.19757934570312496]	4.388246756812805	1554453118.4878852
9740	81	inc	p+s-	288	4668	emospace1	[-0.2525329589843749, -0.07682128906249999]	3.303922260179206	1554453135.9868863
9740	82	inc	p+s-	501	4656	emospace1	[0.21507202148437496, -0.191107177734375]	2.3192176671145717	1554453153.6158946
9740	83	inc	p+s-	711	8130	emospace1	[-0.30298278808593754, -0.11333068847656252]	1.3683342423264548	1554453171.1518977
9740	84	inc	p-s+	109	3261	emospace1	[-0.4867224121093751, 0.312999267578125]	2.7533965696766245	1554453188.85091
9740	85	inc	p-s+	311	8230	emospace1	[-0.33963439941406276, -0.2009484863281249]	5.2555482882753495	1554453206.3329098
9740	86	con	p-s-	291	1525	emospace1	[-0.43266601562500023, 0.08656921386718752]	5.589240716632958	1554453223.8169098
9740	87	con	p+s+	200	4697	emospace1	[0.511727294921875, 0.21673889160156246]	3.2368073100496986	1554453241.322911
9740	88	con	p+s+	360	4656	emospace1	[0.0, 0.22220092773437494]	3.8043447396285046	1554453258.8019109
9740	89	con	p0s0	705	2309	emospace1	[-0.42892517089843757, -0.18856567382812503]	1.6186026631057757	1554453276.3359137
9740	90	inc	p-s+	210	3102	emospace1	[-0.5471954345703127, 0.2301605224609375]	2.3859796255346737	1554453293.9389207
9740	91	con	p0s0	152	9468	emospace1	[0.37808410644531243, 0.13454406738281255]	1.6352758182974867	1554453311.5449276
9740	92	con	p-s-	501	3195	emospace1	[-0.5198541259765624, -0.15904296874999999]	2.4860578780335345	1554453329.1129324
9740	93	con	p+s+	365	8193	emospace1	[0.6070220947265627, 0.0]	6.073068983764642	1554453346.5939324
9740	94	inc	p-s+	204	3053	emospace1	[-0.9441253662109379, 0.1485992431640625]	4.404686085013054	1554453364.0879328
9740	95	inc	p+s-	502	8034	emospace1	[0.30777404785156265, 0.0]	2.1857471792927754	1554453381.5819335
9740	96	inc	p+s-	719	5215	emospace1	[-0.5924407958984378, 0.038015747070312494]	4.971895436411614	1554453399.0859346
9740	97	con	p-s-	719	6821	emospace1	[-0.5770758056640625, 0.08125915527343754]	3.136728157062862	1554453416.5659344
9740	98	con	p-s-	283	9184	emospace1	[-0.5014367675781249, 0.0440667724609375]	3.203446591844113	1554453434.0709357
9740	99	con	p+s+	415	4490	emospace1	[0.16586669921875002, 0.0]	0.6175112703704144	1554453451.5519354
9740	100	con	p0s0	425	7560	emospace1	[0.5330395507812492, 0.09188659667968754]	2.9532634173619954	1554453469.0509362
9740	101	inc	p-s+	716	9184	emospace1	[0, 0]	None	1554453486.5429368
9740	102	inc	p-s+	378	3120	emospace1	[-0.5048846435546874, 0.1254827880859375]	2.2526114933025383	1554453504.0329373
9740	103	con	p+s+	716	4652	emospace1	[0.3326916503906249, 0.13422851562500002]	5.422388499193403	1554453521.5229375
9740	104	inc	p+s-	106	7405	emospace1	[0.5119171142578123, -0.16507385253906254]	6.740466147164625	1554453539.0349393
9740	105	con	p-s-	711	3261	emospace1	[-0.7984539794921864, 0.33675170898437506]	3.220146461542754	1554453556.5259397
9740	106	con	p-s-	134	8230	emospace1	[-0.45236389160156254, -0.16935729980468747]	2.5031140412365858	1554453574.0089397
9740	107	con	p+s+	201	4800	emospace1	[0.47515991210937497, 0.41658203124999976]	3.453802960387293	1554453591.4949398
9740	108	inc	p-s+	200	3005	emospace1	[-0.5083776855468745, 0.2725238037109376]	7.941623095503019	1554453608.995941
9740	109	con	p0s0	368	7595	emospace1	[0.2913592529296879, 0.2697491455078125]	4.838467571737965	1554453626.482941
9740	110	con	p0s0	361	7632	emospace1	[0.5829162597656251, 0.0]	5.989653080587232	1554453643.9879422
9740	111	inc	p-s+	215	3101	emospace1	[-0.4432348632812497, 0.22815734863281248]	5.255653945657286	1554453661.488943
9740	112	inc	p-s+	365	6510	emospace1	[0.0, 0.18798828125000003]	1.6184819975733262	1554453678.967943
9740	113	con	p0s0	377	6010	emospace1	[-0.15810424804687506, -0.13539062500000001]	6.3399838452260155	1554453696.472944
9740	114	inc	p-s+	205	9253	emospace1	[-0.32803344726562483, 0.17033325195312515]	6.807159968579072	1554453713.9739451
9740	115	con	p0s0	358	2115	emospace1	[0.0, 0.167672119140625]	5.60588895829278	1554453731.4779463
9740	116	con	p+s+	808	8341	emospace1	[0.5301690673828123, 0.12012878417968745]	6.106418595939431	1554453748.9569461
9740	117	inc	p-s+	808	3010	emospace1	[-0.6694476318359374, 0.10407714843750002]	4.471415325662747	1554453766.440946
9740	118	con	p+s+	366	7501	emospace1	[0.4536560058593745, 0.2885345458984373]	5.005297276951751	1554453783.9429474
9740	119	con	p-s-	709	9163	emospace1	[-0.3681182861328122, -0.033807983398437505]	5.355670064412152	1554453801.4309475
