9744	60	con	p0s0	170	1112	emospace1	[0.0004797363281250182, -0.910133056640625]	1.4349667511305597	1554816921.7079172
9744	61	con	p0s0	373	9402	emospace1	[-0.8956292724609378, -0.004290771484375149]	3.7707403958884242	1554816939.2099183
9744	62	con	p+s+	353	4660	emospace1	[0.6634735107421876, -0.6665948486328124]	2.5027146588581672	1554816956.7109194
9744	63	con	p-s-	277	3053	emospace1	[-0.6245446777343754, 0.6620367431640626]	1.885443437302456	1554816974.20592
9744	64	con	p+s+	360	4656	emospace1	[0.9019439697265623, 0.011056518554687818]	7.8414710065189865	1554816991.6959205
9744	65	inc	p-s+	601	3195	emospace1	[-0.6187518310546877, 0.6198443603515623]	0.7342632930922264	1554817009.1849205
9744	66	inc	p-s+	311	8230	emospace1	[-0.830057373046875, 0.013245849609374877]	4.571599577611778	1554817026.6809213
9744	67	con	p+s+	817	8470	emospace1	[-0.3295684814453128, -0.7912512207031255]	5.539098411485611	1554817044.1669214
9744	68	con	p-s-	288	9325	emospace1	[-1.0, 1.0]	2.6865664608158113	1554817061.6729228
9744	69	con	p-s-	502	6231	emospace1	[0.014137573242187468, -0.8799993896484376]	7.674687276939949	1554817079.178924
9744	70	inc	p-s+	201	9163	emospace1	[-0.6862164306640617, 0.1808630371093748]	8.943046193024202	1554817096.6759248
9744	71	con	p-s-	260	3102	emospace1	[-0.7207843017578126, 0.7085083007812497]	1.4850714774111111	1554817114.1559246
9744	72	con	p-s-	291	1525	emospace1	[0.011400756835937498, -0.8888281250000002]	5.28889445187815	1554817131.6569257
9744	73	inc	p-s+	352	6231	emospace1	[0.0, -0.8370410156250007]	7.541154516435199	1554817149.1659272
9744	74	con	p0s0	225	4279	emospace1	[0.6514929199218751, -0.6992126464843751]	8.225684682947758	1554817166.6589277
9744	75	inc	p+s-	291	5621	emospace1	[0.603634033203125, -0.6407751464843746]	0.9010905460600043	1554817184.1439278
9744	76	inc	p-s+	716	9184	emospace1	[0.0, -0.8314031982421878]	3.453633182474732	1554817201.6339283
9744	77	con	p-s-	241	3010	emospace1	[-0.7035009765625, 0.6687939453125]	3.1534757778827043	1554817219.1299286
9744	78	inc	p+s-	310	8470	emospace1	[0.8931475830078127, 0.0]	3.5871416299123666	1554817236.614929
9744	79	inc	p+s-	699	8380	emospace1	[0.6457098388671877, -0.645879516601563]	2.0021860747947358	1554817254.1159298
9744	80	inc	p-s+	204	3053	emospace1	[-0.6967089843750001, 0.6347216796875002]	1.3181946978293126	1554817271.6099305
9744	81	inc	p+s-	501	4656	emospace1	[0.65287353515625, 0.637945556640625]	5.422360276414111	1554817289.0999308
9744	82	con	p+s+	201	4800	emospace1	[-0.0063244628906249985, 0.016330566406250458]	6.49009467687938	1554817306.586931
9744	83	inc	p-s+	200	3005	emospace1	[-0.8920324707031254, 0.0]	1.1514616955137171	1554817324.086932
9744	84	con	p+s+	215	4651	emospace1	[0.8790985107421876, -0.011142578125000255]	7.340961032456107	1554817341.571932
9744	85	con	p-s-	625	6250	emospace1	[0.0, -0.8307684326171877]	1.9522749525604013	1554817359.071933
9744	86	inc	p-s+	216	3015	emospace1	[-0.6811352539062507, 0.6189483642578127]	1.9021098938574141	1554817376.5589333
9744	87	inc	p-s+	353	6370	emospace1	[-0.6306304931640625, -0.659899291992188]	1.2682145384933392	1554817394.0599341
9744	88	inc	p+s-	713	7501	emospace1	[0.006994628906249974, -0.8771435546875]	3.587148233462358	1554817411.543934
9744	89	inc	p-s+	367	9429	emospace1	[-0.6278942871093748, -0.6604016113281249]	1.618488375654124	1554817429.0439353
9744	90	inc	p+s-	241	8001	emospace1	[0.61279296875, -0.6363299560546877]	2.1690574514759646	1554817446.537936
9744	91	inc	p-s+	360	6230	emospace1	[-0.01328674316406252, -0.836655883789063]	2.9699715627175465	1554817464.0299363
9744	92	inc	p-s+	210	3102	emospace1	[-0.8993402099609374, 0.01870971679687497]	4.271389344634372	1554817481.5149362
9744	93	inc	p+s-	288	4668	emospace1	[0.6398046875000003, 0.650927734375]	4.8215198847865395	1554817499.042939
9744	94	con	p+s+	813	8034	emospace1	[0.8716302490234378, 0.0]	1.5852662220677303	1554817516.5359392
9744	95	inc	p-s+	220	2683	emospace1	[-0.09356689453125001, 0.4169805908203128]	5.5558648217556765	1554817534.0189395
9744	96	con	p0s0	132	7249	emospace1	[-0.008489379882812663, -0.020012817382811958]	8.792444759812497	1554817551.5069396
9744	97	inc	p+s-	423	5270	emospace1	[0.26380187988281256, 0.0]	0.5508002000278793	1554817569.0049405
9744	98	con	p-s-	501	3195	emospace1	[-0.6462176513671882, -0.6684594726562498]	6.056350782913796	1554817586.492941
9744	99	con	p+s+	365	8193	emospace1	[0.34147888183593744, -0.7520697021484372]	6.706961521122139	1554817603.9899416
9744	100	inc	p+s-	420	8178	emospace1	[0, 0]	None	1554817621.4919426
9744	101	inc	p-s+	820	6821	emospace1	[0.816781005859375, -0.017053222656250023]	6.07299983010671	1554817638.9759426
9744	102	con	p+s+	415	4490	emospace1	[-0.9643048095703124, 0.008086547851562823]	6.740320548262389	1554817656.477944
9744	103	inc	p+s-	290	4697	emospace1	[0.5849755859375003, -0.5790283203124997]	3.7206248638030956	1554817673.9659438
9744	104	inc	p-s+	351	6250	emospace1	[0.0052380371093750005, -0.8699743652343752]	3.236790351136733	1554817691.4629447
9744	105	inc	p+s-	277	4647	emospace1	[0.008571777343750002, -0.85566650390625]	3.9208900863304734	1554817708.9509451
9744	106	inc	p+s-	625	5470	emospace1	[0.0, -0.8382281494140625]	2.2525464184473094	1554817726.448946
9744	107	inc	p+s-	260	4490	emospace1	[-0.9777770996093751, -0.006594238281250025]	3.904128778805898	1554817743.933946
9744	108	con	p0s0	322	9635	emospace1	[0.0, -0.8469537353515632]	5.021927383775619	1554817761.4349468
9744	109	con	p-s-	420	3005	emospace1	[-0.6321887207031249, -0.6248992919921876]	1.3014991256313806	1554817778.919947
9744	110	con	p+s+	815	8370	emospace1	[0.5941320800781257, 0.6401751708984375]	1.9188105687971984	1554817796.420948
9744	111	con	p0s0	382	7079	emospace1	[-0.002505493164062361, -0.8825671386718756]	6.289895489837363	1554817813.909948
9744	112	inc	p+s-	255	9156	emospace1	[-0.6528057861328127, -0.6571502685546874]	1.4015945168939652	1554817831.407949
9744	113	con	p0s0	723	9926	emospace1	[0, 0]	None	1554817848.891949
9744	114	con	p+s+	716	4652	emospace1	[0.6475152587890629, 0.6023547363281251]	2.9698505977103196	1554817866.3919501
9744	115	con	p-s-	106	6213	emospace1	[-0.8887542724609379, 0.0]	4.554457965710753	1554817883.892951
9744	116	con	p-s-	711	3261	emospace1	[-0.5889123535156252, 0.6795385742187505]	1.5854151020794234	1554817901.3959522
9744	117	inc	p+s-	703	4611	emospace1	[0.6502252197265622, -0.5748107910156252]	2.152366381695174	1554817918.8819523
9744	118	con	p0s0	361	7632	emospace1	[0, 0]	None	1554817936.3879538
9744	119	con	p0s0	728	2525	emospace1	[-0.8945324707031256, 0.0]	0.8176772197366518	1554817953.8889546
