9899	0	con	p+s+	201	4800	emospace1	[0.19745300292968737, 0.12548522949218752]	3.6204804232970673	1554880566.5060947
9899	1	inc	p+s-	276	8341	emospace1	[-0.22658203125, 0.21507080078125004]	3.8873957621076443	1554880584.0190964
9899	2	inc	p+s-	241	8001	emospace1	[-0.21954528808593746, 0.0]	3.0031867934621914	1554880601.538098
9899	3	inc	p-s+	109	3261	emospace1	[-0.457391357421875, 0.4378491210937501]	2.9534089415114977	1554880619.1501057
9899	4	inc	p+s-	719	5215	emospace1	[-0.3844024658203126, -0.012562255859374854]	4.821708255767135	1554880636.7061098
9899	5	inc	p+s-	291	5621	emospace1	[0.10701477050781241, 0.33455871582031266]	4.154426362168579	1554880654.19511
9899	6	inc	p+s-	289	8186	emospace1	[0.20507385253906252, 0.0]	3.3034990794108126	1554880671.7011113
9899	7	inc	p+s-	709	8193	emospace1	[0.0, -0.4488757324218751]	4.538029608934266	1554880689.1811113
9899	8	con	p-s-	289	6263	emospace1	[-0.40736145019531234, 0.0]	2.669506375687888	1554880706.6881125
9899	9	inc	p+s-	711	8130	emospace1	[0.24523315429687498, 0.3554998779296876]	2.9198000817636967	1554880724.1721127
9899	10	con	p0s0	728	2525	emospace1	[-0.8554754638671879, 0.0]	1.0512849528236075	1554880741.6791139
9899	11	inc	p-s+	355	3150	emospace1	[-0.7597021484375003, 0.48781982421875003]	3.1700328554593398	1554880759.1921158
9899	12	con	p+s+	220	5623	emospace1	[0.333958740234375, 0.3698535156250002]	1.4684031094125203	1554880776.7931223
9899	13	inc	p+s-	703	4611	emospace1	[0.5904656982421872, 0.0]	1.2525265926315114	1554880794.3371258
9899	14	con	p+s+	367	5470	emospace1	[0.5714160156250001, 0.5515832519531249]	3.037038182089873	1554880811.841127
9899	15	con	p+s+	808	8341	emospace1	[0.6721997070312504, 0.6101580810546876]	1.2515837916266719	1554880829.324127
9899	16	con	p+s+	110	8380	emospace1	[0.4960186767578125, 0.08093200683593751]	3.336866610917241	1554880846.8251278
9899	17	con	p-s-	624	9902	emospace1	[-0.5603314208984376, 0.32985900878906244]	2.3361465282650897	1554880864.500139
9899	18	con	p0s0	132	7249	emospace1	[0.16319030761718747, -0.15872558593750002]	4.938530335020005	1554880882.0301414
9899	19	con	p+s+	200	4697	emospace1	[0.15395812988281252, 0.17423522949218753]	2.719677136430164	1554880899.5391428
9899	20	con	p-s-	134	8230	emospace1	[-0.40610900878906253, 0.3534423828125]	1.3516512674832484	1554880917.14515
9899	21	con	p0s0	368	7595	emospace1	[-0.20454956054687506, -0.301895751953125]	0.8176816160107592	1554880934.7041543
9899	22	inc	p+s-	260	4490	emospace1	[-0.7626715087890622, -0.16459533691406242]	1.5518447503000061	1554880952.202155
9899	23	inc	p+s-	699	8380	emospace1	[0.25475341796875, 0.14830017089843742]	1.285825387611112	1554880969.684155
9899	24	con	p+s+	815	8370	emospace1	[0.8988592529296883, 0.8631262207031263]	1.451641602347081	1554880987.180156
9899	25	inc	p+s-	293	2300	emospace1	[-0.2294030761718751, -0.16022521972656248]	4.154384039678462	1554881004.7061582
9899	26	inc	p+s-	277	4647	emospace1	[-0.23610107421875004, 0.35656494140625]	0.8511328920189953	1554881022.4591737
9899	27	con	p+s+	415	4490	emospace1	[0.0, -0.34109924316406254]	1.4683685910695203	1554881039.9551744
9899	28	inc	p-s+	201	9163	emospace1	[-0.23564941406249998, 0.0973529052734375]	2.469355515521329	1554881057.4611754
9899	29	inc	p-s+	817	1525	emospace1	[-0.28064453125, 0.3684423828125]	0.9845138706709804	1554881074.9631767
9899	30	con	p+s+	215	4651	emospace1	[0.27761535644531254, 0.2697113037109374]	1.1012864236054156	1554881092.4641776
9899	31	inc	p-s+	378	3120	emospace1	[-0.6644317626953132, 0.0]	3.6872094831192044	1554881110.077185
9899	32	con	p+s+	353	4660	emospace1	[0.6434838867187496, 0.163284912109375]	2.2691506266428405	1554881127.6281888
9899	33	inc	p+s-	624	4652	emospace1	[0.23396057128906264, -0.28015014648437503]	2.9365276708044803	1554881145.12919
9899	34	con	p+s+	202	4668	emospace1	[0.3124169921874999, 0.2831481933593752]	2.0689580443049636	1554881162.6441917
9899	35	con	p+s+	813	8034	emospace1	[0.6510955810546876, 0.3051184082031249]	3.3868959965325303	1554881180.254199
9899	36	inc	p-s+	815	9622	emospace1	[-0.26016906738281254, 0.9103283691406249]	2.6195121087348525	1554881197.8382046
9899	37	inc	p-s+	200	3005	emospace1	[-0.7723699951171873, 0.3436016845703124]	2.3024935450703197	1554881215.4252107
9899	38	con	p0s0	705	2309	emospace1	[0.0, -0.5047503662109374]	1.2852457796070667	1554881233.0222173
9899	39	inc	p+s-	290	4697	emospace1	[-0.41472106933593766, 0.4013568115234374]	3.6539773235499524	1554881250.5902221
9899	40	inc	p-s+	813	9423	emospace1	[-0.5864428710937502, 0.3166564941406247]	4.471369885957756	1554881268.0972235
9899	41	con	p-s-	719	6821	emospace1	[-0.697822265625, 0.3697021484374999]	3.3699853101943518	1554881285.715231
9899	42	inc	p-s+	716	9184	emospace1	[0.0, 0.41656616210937514]	1.168201882480389	1554881303.2652347
9899	43	inc	p+s-	295	5623	emospace1	[-0.48894836425781263, -0.2485675048828126]	4.137629136122996	1554881320.7612355
9899	44	inc	p+s-	420	8178	emospace1	[0.0, 0.19524047851562487]	2.5860752403823426	1554881338.305239
9899	45	inc	p-s+	601	3195	emospace1	[-0.3992529296875001, -0.4053784179687498]	3.08655459511192	1554881355.8832443
9899	46	con	p-s-	241	3010	emospace1	[-0.48844116210937516, -0.2653936767578125]	1.218026259153703	1554881373.4972517
9899	47	con	p0s0	425	7560	emospace1	[0.1819000244140625, 0.0]	0.817667808673832	1554881391.0932581
9899	48	con	p0s0	373	9402	emospace1	[-0.5078253173828127, 0.20720397949218744]	1.1012888248815216	1554881408.6352618
9899	49	con	p-s-	625	6250	emospace1	[-0.6478442382812506, 0.5875262451171871]	1.7852857008210776	1554881426.1342626
9899	50	inc	p+s-	310	8470	emospace1	[0.14222412109375002, 0.45219604492187504]	1.2347472446854226	1554881443.7602706
9899	51	inc	p-s+	210	3102	emospace1	[-0.63375244140625, 0.1345330810546875]	0.9844883571131504	1554881461.3102746
9899	52	con	p0s0	382	7079	emospace1	[-0.4339093017578127, -0.40364074707031244]	0.9511055174725698	1554881478.8602784
9899	53	inc	p-s+	365	6510	emospace1	[-0.12281860351562501, 0.24094665527343745]	3.019901175484847	1554881496.4762857
9899	54	inc	p-s+	367	9429	emospace1	[-0.058289184570312506, 0.2225195312499999]	1.351546511817105	1554881513.995288
9899	55	con	p+s+	366	7501	emospace1	[-0.19923522949218753, -0.39871093749999986]	4.488491884587347	1554881531.4912887
9899	56	con	p+s+	817	8470	emospace1	[0.14391052246093755, 0.33641662597656247]	1.751946684467839	1554881548.9762888
9899	57	inc	p-s+	110	6213	emospace1	[-0.393756103515625, 0.2092254638671875]	2.26912271180845	1554881566.4682891
9899	58	inc	p+s-	713	7501	emospace1	[0.0, -0.4322064208984374]	1.7853376284156184	1554881583.9632897
9899	59	inc	p+s-	312	8370	emospace1	[-0.3978143310546876, 0.16329528808593755]	0.8176861184028894	1554881601.44629