9926	60	con	p0s0	728	2525	emospace1	[0.1615069580078124, -0.42303344726562503]	8.892507733656203	1555401236.5062075
9926	61	inc	p-s+	311	8230	emospace1	[0.5362103271484381, 0.4285662841796871]	6.673581182527414	1555401254.094966
9926	62	con	p-s-	260	3102	emospace1	[-0.8424627685546877, 0.9622259521484374]	6.206476460449721	1555401271.664723
9926	63	inc	p+s-	255	9156	emospace1	[-0.16992553710937502, -0.5621643066406263]	7.140796664127265	1555401289.1824746
9926	64	con	p0s0	132	7249	emospace1	[0.23242004394531257, -0.24713623046875002]	5.739416462407007	1555401306.7772338
9926	65	inc	p+s-	699	8380	emospace1	[-0.26837585449218754, 0.4603259277343747]	3.1700680945941713	1555401324.2729833
9926	66	con	p-s-	719	6821	emospace1	[-0.6511352539062505, 0.6282647705078126]	3.120036907834219	1555401341.822738
9926	67	con	p-s-	711	3261	emospace1	[-0.7692248535156253, 0.7876611328125002]	1.4182597728017754	1555401359.3974953
9926	68	inc	p-s+	204	3053	emospace1	[-0.5250054931640623, 0.5454730224609374]	1.118066649017237	1555401376.9042459
9926	69	con	p-s-	624	9902	emospace1	[-0.5734057617187501, 0.5870422363281252]	1.4684497448929505	1555401394.5220072
9926	70	inc	p-s+	815	9622	emospace1	[0.4617346191406252, 0.5055883789062501]	3.0199967462517634	1555401412.0327582
9926	71	inc	p+s-	277	4647	emospace1	[-0.24947143554687487, 0.3987451171875001]	6.523571367252771	1555401429.5595107
9926	72	inc	p-s+	353	6370	emospace1	[-0.28110717773437505, -0.38597717285156247]	5.288881845103788	1555401447.1392686
9926	73	con	p-s-	423	2683	emospace1	[-0.28454406738281235, 0.5581347656249999]	1.8854455384325775	1555401464.6620207
9926	74	con	p0s0	225	4279	emospace1	[0.02565124511718745, -1.0]	8.925891974346996	1555401482.1957738
9926	75	inc	p-s+	110	6213	emospace1	[-0.3058612060546877, -0.7551538085937498]	8.875823267423584	1555401499.7235265
9926	76	con	p0s0	377	6010	emospace1	[-0.2383129882812501, -0.8152307128906227]	4.955191619976631	1555401517.3162856
9926	77	con	p+s+	353	4660	emospace1	[0.28329528808593757, -0.2568273925781249]	8.708993613167877	1555401534.842038
9926	78	con	p+s+	366	7501	emospace1	[0.4755352783203125, -0.505863037109375]	1.4516848354305694	1555401552.3977933
9926	79	con	p+s+	205	9156	emospace1	[0.4659698486328124, -0.4314739990234374]	6.323255717622487	1555401569.916545
9926	80	inc	p-s+	610	3063	emospace1	[-0.8836535644531248, 0.8511157226562501]	8.542181068105947	1555401587.5013032
9926	81	con	p0s0	724	6570	emospace1	[0.8500750732421877, 0.1897180175781253]	6.122997398801999	1555401605.0060537
9926	82	inc	p-s+	220	2683	emospace1	[-0.43168518066406225, -0.2684124755859377]	8.592286995031372	1555401622.6068137
9926	83	inc	p-s+	716	9184	emospace1	[-0.7092236328125001, 0.22189819335937516]	3.753961979167343	1555401640.1185646
9926	84	con	p+s+	367	5470	emospace1	[0.7590222167968749, -0.19045043945312504]	2.6362285092000093	1555401657.6773202
9926	85	inc	p+s-	423	5270	emospace1	[-0.48673400878906253, -0.03490112304687497]	3.2702208166665514	1555401675.2470772
9926	86	inc	p-s+	817	1525	emospace1	[0.2339416503906249, 0.21838623046874986]	6.990606451907297	1555401692.747827
9926	87	con	p-s-	625	6250	emospace1	[-0.3957879638671876, 0.38375427246093763]	2.085696353219646	1555401710.3315852
9926	88	inc	p-s+	366	6263	emospace1	[-0.1471582031250002, -0.40827148437500016]	6.623536488508762	1555401727.842336
9926	89	con	p0s0	373	9402	emospace1	[-0.1594079589843752, 0.49339782714843783]	7.224340260455392	1555401745.3890905
9926	90	con	p0s0	120	1945	emospace1	[0.013878784179687506, 0.30082946777343755]	7.841468605228329	1555401762.993851
9926	91	inc	p+s-	422	4800	emospace1	[0.29324523925781254, 0.3966796874999996]	7.724710959670119	1555401780.4755988
9926	92	inc	p-s+	355	3150	emospace1	[-0.5147094726562501, 0.5756860351562506]	3.9708885555101006	1555401798.0813594
9926	93	inc	p+s-	703	4611	emospace1	[0.6575250244140628, -0.15315307617187515]	6.606856524696923	1555401815.570108
9926	94	con	p+s+	200	4697	emospace1	[0.6001385498046881, 0.4534820556640625]	2.803040453939502	1555401833.150866
9926	95	con	p0s0	104	2810	emospace1	[-0.21297180175781258, -0.2861181640625001]	5.639743097940482	1555401850.7196226
9926	96	con	p-s-	709	9163	emospace1	[-0.5046752929687504, 0.3054986572265627]	4.287979260054271	1555401868.206371
9926	97	inc	p-s+	205	9253	emospace1	[-0.8887353515625, 0.8771466064453124]	7.257642557109648	1555401885.8111315
9926	98	inc	p+s-	502	8034	emospace1	[-0.4108325195312498, -0.2857025146484374]	6.106351653378624	1555401903.3058805
9926	99	inc	p+s-	289	8186	emospace1	[-0.3946191406249991, -0.17269409179687503]	7.808084964860427	1555401920.8736374
9926	100	inc	p+s-	293	2300	emospace1	[0.45205322265625, 0.23611999511718743]	6.52341468305076	1555401938.4253924
9926	101	inc	p+s-	106	7405	emospace1	[0.42205017089843755, -0.2529364013671876]	4.471323189080977	1555401955.9601457
9926	102	inc	p-s+	813	9423	emospace1	[-0.5182135009765628, -0.4394421386718757]	8.909195801824353	1555401973.483898
9926	103	con	p+s+	716	4652	emospace1	[0.42871337890624994, 0.42783142089843756]	1.5183656697108745	1555401991.098659
9926	104	inc	p+s-	420	8178	emospace1	[-0.010579833984375054, -0.001716308593749989]	3.6873844003766862	1555402008.5844076
9926	105	con	p+s+	360	4656	emospace1	[-0.2156036376953127, -0.44365722656249995]	8.942513406705075	1555402026.1511638
9926	106	inc	p-s+	109	3261	emospace1	[-0.838594360351563, 0.0]	0.7175431076666428	1555402043.7049193
9926	107	inc	p-s+	215	3101	emospace1	[-0.9273614501953128, 0.4552825927734373]	3.0032375398541262	1555402061.2666752
9926	108	con	p+s+	365	8193	emospace1	[0.5871240234374997, 0.3512866210937502]	3.0032333375957023	1555402078.776426
9926	109	con	p0s0	382	7079	emospace1	[-0.407200927734375, -0.18332641601562502]	6.173109629115061	1555402096.3351817
9926	110	con	p-s-	289	6263	emospace1	[-0.15173583984375005, -0.2304327392578125]	8.842578901901106	1555402113.8679347
9926	111	inc	p+s-	276	8341	emospace1	[-0.23328002929687497, 0.6478460693359376]	5.072469745241506	1555402131.4486928
9926	112	con	p0s0	358	2115	emospace1	[0.21432434082031257, -0.41498229980468787]	8.441753098114532	1555402149.0024478
9926	113	inc	p-s+	202	9902	emospace1	[-0.21209838867187497, -0.8445776367187505]	7.824797946415856	1555402166.505198
9926	114	inc	p+s-	134	4660	emospace1	[0.3083386230468751, -0.4634747314453126]	6.523497527570726	1555402184.0709546
9926	115	con	p+s+	817	8470	emospace1	[0.3117370605468751, 0.5948480224609378]	2.068944650855883	1555402201.638711
9926	116	inc	p-s+	216	3015	emospace1	[-0.8039599609375002, -0.009616088867188125]	7.808089767440833	1555402219.1574628
9926	117	inc	p+s-	260	4490	emospace1	[0.04378967285156252, 0.014108886718749998]	3.5037174977833274	1555402236.6772144
9926	118	con	p-s-	283	9184	emospace1	[-0.4038903808593754, -0.4234246826171875]	3.5704307494843306	1555402254.283975
9926	119	inc	p+s-	624	4652	emospace1	[0.01005615234375, 0.006130371093750003]	6.223284593140306	1555402271.7817247
